12 12 12 12 12 12 1 1 1 15 15 15 15 15 15 24 24 24 0 0 9 8 8 9 23 18 18 8 9 9 18 18 18 18 18 0 0 0 19 12 12 12 12 12 12 12 10 10 4 11 11 11 11 11 11 11 11 11 11 11 
12 12 12 12 12 12 1 1 1 16 15 15 15 15 15 24 24 24 0 0 8 8 8 9 23 18 23 8 9 9 18 18 18 18 18 0 0 0 20 13 12 12 12 12 12 12 10 10 4 11 11 11 11 11 11 11 11 11 11 11 
12 12 12 12 12 22 1 1 1 24 15 15 6 24 15 24 24 24 0 0 9 11 8 18 23 18 23 23 9 9 18 18 18 18 18 0 0 0 19 13 12 12 12 12 12 7 10 4 4 11 11 11 11 11 11 11 11 11 11 11 
12 12 12 22 22 20 10 17 1 24 24 24 6 6 15 15 24 16 16 18 11 11 11 4 4 4 4 23 23 9 25 25 18 18 18 13 13 13 5 13 13 13 12 12 12 7 7 4 4 4 11 11 11 11 11 11 11 11 11 11 
22 20 20 20 20 20 10 10 10 1 24 24 16 16 6 16 16 16 16 16 16 11 4 4 4 4 4 4 4 19 25 25 25 3 3 8 13 5 5 13 13 13 13 13 13 7 1 1 4 4 11 11 11 11 11 11 11 11 11 11 
22 22 10 20 20 20 10 10 10 1 1 16 16 16 16 16 16 16 16 16 16 6 4 4 4 4 4 4 4 5 5 25 3 3 3 8 8 5 5 13 13 13 13 13 13 17 1 1 4 4 11 11 11 11 11 11 11 11 11 11 
1 10 10 10 10 10 10 10 10 21 21 21 16 16 16 16 16 16 16 16 6 6 6 17 17 11 11 11 11 5 5 7 3 3 8 8 8 5 5 13 13 13 13 13 13 17 17 1 4 4 11 11 11 11 11 11 11 11 11 11 
10 18 18 12 7 7 14 14 14 21 14 21 21 21 16 16 16 16 16 16 6 4 6 6 11 11 11 11 11 24 24 7 9 9 8 8 8 5 4 13 13 13 13 13 13 3 3 3 4 4 10 11 11 11 11 11 11 11 11 11 
10 10 18 1 21 14 14 14 14 14 14 14 21 22 16 16 16 16 16 16 6 6 6 6 1 1 1 11 11 24 24 24 9 9 8 8 1 1 18 23 23 7 7 13 3 3 3 3 1 1 1 11 11 11 11 11 11 11 11 11 
23 23 23 21 21 14 14 14 14 14 14 22 22 22 16 16 16 16 16 15 4 4 4 4 21 21 21 21 11 24 24 24 9 9 8 1 1 1 18 23 23 10 10 3 3 3 3 17 17 1 1 11 11 11 11 2 11 11 11 11 
23 23 10 21 6 14 14 14 22 22 22 22 22 22 22 16 16 16 16 15 15 4 6 6 21 21 21 21 11 23 17 5 5 5 8 18 18 18 18 18 23 10 10 17 17 17 17 17 17 17 17 11 11 11 11 11 11 11 11 11 
4 4 19 21 21 21 14 22 22 22 22 22 22 22 22 16 16 16 15 15 15 6 6 6 21 21 21 21 23 23 5 5 5 7 4 25 25 25 18 18 4 23 4 1 17 17 17 17 17 17 17 4 11 11 11 4 4 4 11 11 
10 10 7 7 21 21 22 22 22 22 22 22 22 22 22 20 20 16 15 15 5 5 6 6 5 4 11 4 11 11 11 11 7 7 4 4 25 25 25 18 18 4 1 1 1 17 17 17 17 17 17 4 4 4 4 4 4 4 1 1 
10 10 7 7 20 20 22 22 22 22 22 22 22 22 20 20 20 7 15 15 5 5 5 5 4 4 4 4 4 19 19 19 10 10 23 23 4 25 25 18 18 18 1 1 1 17 17 17 17 17 17 17 4 4 4 4 4 4 1 1 
13 13 13 13 12 12 22 22 22 22 22 22 13 13 20 20 20 7 15 15 17 5 17 17 10 4 2 2 2 2 19 10 10 10 23 23 23 25 25 25 18 18 18 1 1 17 17 17 17 17 17 17 6 4 4 6 6 4 1 1 
13 13 13 12 12 12 12 22 13 13 13 13 13 20 20 20 20 6 6 17 1 17 17 17 17 15 2 2 2 2 10 7 10 10 23 23 23 25 25 25 25 18 1 1 1 1 17 17 17 17 17 17 6 6 6 6 6 6 1 1 
13 12 13 12 12 12 12 13 13 13 13 13 13 20 20 20 20 6 6 6 17 17 17 17 17 6 10 10 2 2 10 10 10 10 10 23 23 25 25 25 25 18 1 1 1 1 1 3 17 17 17 17 6 6 6 6 6 1 1 18 
12 12 12 12 12 12 12 13 13 13 13 13 20 20 20 20 14 14 14 14 14 14 13 6 6 6 2 2 2 2 10 10 23 10 10 10 4 4 25 25 25 18 1 1 1 1 3 3 3 3 17 17 7 16 16 16 1 1 18 18 
12 12 12 12 12 12 12 13 13 13 13 14 14 6 6 6 14 14 14 14 14 14 14 14 14 6 6 2 2 2 10 10 10 10 10 10 23 4 4 4 4 4 18 3 3 3 3 3 3 3 3 14 7 16 16 16 1 1 18 18 
12 12 12 12 12 12 13 3 3 3 3 14 14 6 6 16 16 16 20 14 14 14 14 14 14 14 2 2 2 2 2 20 20 20 23 23 23 4 4 4 4 4 23 3 3 3 3 3 3 3 3 3 14 14 16 16 1 18 18 18 
12 12 12 12 13 13 7 13 13 3 3 3 14 6 16 16 16 16 14 14 14 14 14 14 14 14 2 2 2 2 2 20 20 20 20 2 2 4 4 4 7 7 3 3 3 3 3 3 3 3 3 14 14 14 14 14 1 18 18 18 
12 12 12 13 13 13 7 13 13 13 3 3 14 14 16 16 16 16 14 14 14 14 14 14 14 6 2 2 2 2 2 20 20 20 20 2 2 2 10 7 7 7 7 3 3 3 3 3 3 14 14 14 14 14 14 23 23 25 25 25 
20 20 7 13 13 7 7 7 13 3 3 14 14 16 16 16 16 16 14 14 14 14 14 14 6 6 6 2 2 2 20 20 20 20 20 2 2 2 7 7 7 7 7 9 3 3 3 14 7 14 14 14 14 14 23 23 23 23 25 25 
20 20 7 7 13 13 7 7 3 3 3 14 14 16 16 16 14 16 14 14 14 14 14 6 6 6 6 2 2 20 20 20 20 20 20 2 2 2 7 7 8 8 8 9 9 9 9 14 14 14 14 14 14 14 23 23 23 23 25 25 
20 20 20 7 7 13 13 13 3 3 3 3 14 14 16 16 16 14 14 14 16 23 23 6 6 6 6 6 2 20 20 20 20 20 2 2 2 4 8 8 8 8 8 9 9 9 9 14 14 14 14 8 8 8 8 8 8 25 25 23 
20 20 20 7 7 13 13 13 3 3 3 3 14 14 14 16 14 14 8 8 16 23 23 23 6 6 6 6 2 20 20 20 2 4 4 4 8 8 8 8 8 8 8 9 9 9 9 14 14 14 14 8 8 8 8 8 8 25 25 25 
20 20 7 7 7 13 13 13 3 3 3 3 3 14 14 14 14 8 8 8 8 23 23 23 23 6 6 6 2 2 2 2 18 18 4 8 8 8 8 8 8 8 9 9 9 9 9 14 14 14 14 8 8 8 8 8 8 23 25 25 
20 20 7 7 7 13 13 13 3 3 3 3 3 3 14 3 3 8 8 8 8 23 23 23 23 23 4 4 2 2 2 2 18 4 4 8 8 8 8 8 8 9 9 9 9 9 9 14 14 14 14 6 6 6 8 8 8 23 23 23 
20 20 7 7 7 13 13 13 3 3 3 3 3 3 3 3 3 8 8 8 8 23 23 23 23 23 4 4 2 2 18 18 18 8 8 8 8 8 8 8 8 9 9 9 9 9 9 14 14 14 14 6 6 6 6 4 4 23 23 23 
20 20 7 7 7 13 13 13 3 3 3 15 15 15 3 3 3 3 8 8 8 23 23 23 23 23 4 4 2 14 14 18 18 18 8 8 8 8 8 8 9 9 9 9 9 9 9 14 14 14 6 6 6 6 6 4 4 23 23 23 
20 20 12 13 13 13 13 13 7 15 15 15 15 15 15 15 15 13 8 8 8 23 14 14 4 4 4 1 5 3 18 18 18 18 8 8 8 8 8 9 9 9 9 9 9 9 9 14 14 6 6 6 6 6 2 2 2 10 10 10 
12 12 12 12 12 13 13 7 15 15 15 15 15 15 15 15 15 15 8 8 8 23 23 14 4 4 4 5 5 3 3 11 11 18 8 8 8 8 9 9 9 9 9 9 9 9 9 9 14 6 6 6 6 2 2 2 2 10 10 10 
12 12 12 12 12 13 7 7 15 15 15 15 15 15 15 15 15 15 8 8 23 23 23 14 4 4 4 5 3 3 11 11 11 11 11 8 8 8 9 9 9 9 9 9 9 9 9 9 9 6 6 6 2 2 2 2 2 2 10 10 
12 12 12 12 12 13 7 7 15 15 15 15 15 15 15 15 15 15 3 23 23 23 23 25 25 6 6 4 4 2 11 11 11 11 11 16 16 16 16 16 8 8 9 9 9 9 9 9 9 6 6 6 6 2 2 2 2 2 2 4 
12 12 22 22 22 13 7 7 15 15 15 15 15 15 15 15 15 3 3 3 3 9 9 25 25 25 6 4 4 4 4 11 11 11 18 18 16 16 16 16 8 8 9 9 9 9 9 9 9 9 9 6 6 6 2 2 2 2 2 4 
12 12 22 22 22 13 13 15 15 15 15 15 15 15 15 15 15 15 3 3 3 9 9 25 25 25 8 4 4 6 6 6 11 18 18 16 16 16 16 16 16 3 3 9 9 9 9 9 9 9 9 9 10 10 2 2 2 2 2 4 
12 12 22 22 13 13 13 15 15 15 15 15 15 15 15 15 15 15 15 5 8 9 9 9 9 9 5 8 6 6 6 6 6 18 8 18 16 16 18 18 3 3 0 9 9 9 9 9 9 9 9 9 10 10 10 17 17 17 17 17 
12 12 13 13 13 13 13 15 15 15 15 15 15 15 15 15 15 15 15 15 8 8 9 9 9 5 5 5 6 6 6 17 3 18 18 18 1 1 1 3 3 0 0 0 0 0 0 0 0 9 9 9 10 10 10 17 17 17 17 17 
12 12 13 13 13 13 13 15 15 15 15 15 15 15 5 15 15 15 15 8 8 5 5 5 8 15 15 15 24 7 7 6 17 18 18 1 1 1 1 3 0 0 0 0 0 0 0 0 0 0 0 0 16 16 16 17 17 17 17 17 
12 12 13 13 13 13 5 5 5 5 15 15 15 15 5 5 15 5 15 19 19 19 5 15 15 15 15 15 24 24 7 6 6 17 18 1 1 0 0 0 0 0 0 0 0 0 0 0 0 0 0 0 16 16 16 16 17 17 17 17 
12 12 13 13 13 13 5 5 5 15 5 5 5 5 5 5 5 5 5 19 19 19 19 15 15 15 15 15 24 24 20 20 17 0 0 12 12 0 0 0 0 0 0 0 0 0 0 0 0 0 0 0 16 16 16 16 17 17 17 17 
12 13 13 13 13 13 15 15 15 15 15 5 5 5 5 5 5 5 5 5 19 19 19 5 15 15 15 21 21 21 20 20 20 0 12 12 12 0 0 0 0 0 0 0 0 0 0 0 0 0 0 16 16 16 16 16 17 17 17 17 
21 13 13 20 20 20 15 15 15 5 19 5 5 5 5 5 5 5 5 5 19 19 19 5 5 21 21 21 21 21 20 20 20 20 12 12 0 0 0 0 0 0 0 0 0 0 0 0 0 0 16 16 16 16 16 16 17 17 17 17 
21 21 20 20 20 20 5 15 5 5 19 19 19 19 5 5 5 5 5 5 5 19 19 24 24 21 21 21 21 20 20 20 20 20 17 0 0 0 0 0 0 0 0 0 0 0 0 0 0 0 16 16 16 16 16 16 17 17 17 17 
21 21 20 20 20 20 5 5 5 5 19 19 19 19 19 19 5 5 5 5 5 19 19 19 19 24 21 21 21 20 20 20 10 17 17 17 0 0 0 0 0 0 0 0 0 25 25 25 10 16 16 16 16 16 16 10 10 10 10 10 
24 24 19 19 19 19 19 5 5 5 24 19 19 19 19 24 24 5 5 5 5 19 19 19 19 19 21 21 10 10 10 10 10 17 17 17 0 0 0 0 0 0 0 0 0 25 25 10 10 17 4 16 16 16 16 10 10 10 10 10 
21 21 19 19 24 24 24 19 19 5 19 19 19 19 19 24 24 5 5 5 5 5 19 19 19 19 24 23 10 10 10 10 10 17 17 17 17 0 0 0 0 0 0 0 0 25 25 11 11 11 6 16 16 16 16 10 10 10 10 10 
21 21 19 19 24 24 24 24 19 19 5 5 19 24 24 24 5 5 5 5 5 5 24 19 19 19 24 24 23 10 23 23 23 23 17 7 7 0 0 0 0 0 0 0 0 5 11 1 1 1 6 6 16 6 2 6 10 10 10 10 
21 19 19 19 19 24 24 24 19 19 5 15 19 24 24 24 5 5 5 5 5 5 5 19 19 19 24 24 19 19 19 19 23 23 10 10 7 10 0 0 0 0 0 0 1 5 1 1 1 6 6 6 6 6 6 2 2 2 2 2 
19 19 19 19 19 19 24 24 19 19 19 5 5 21 21 21 21 21 5 5 5 24 5 19 19 24 24 24 24 19 19 19 25 10 10 10 10 3 17 17 17 17 7 1 1 1 1 1 1 6 6 6 6 6 6 2 2 2 2 2 
19 19 19 19 19 19 24 24 24 21 21 21 21 21 21 21 21 21 21 21 5 24 24 24 24 24 24 24 24 25 25 4 18 18 10 10 15 17 17 1 17 17 1 1 1 1 1 1 1 6 6 6 6 6 6 2 2 2 2 2 
19 19 19 19 21 21 24 24 24 24 21 21 21 21 21 21 21 21 21 21 21 21 24 24 24 24 19 19 19 25 4 4 4 25 18 15 15 15 1 1 1 1 1 1 1 1 1 1 1 6 6 6 6 2 2 2 2 2 2 2 
19 19 19 19 21 24 24 24 24 24 24 21 21 21 21 21 21 21 21 21 21 21 21 24 24 24 24 24 18 18 4 4 4 4 18 18 18 15 1 1 1 1 1 1 1 1 1 1 1 1 6 6 6 6 2 2 2 2 2 2 
19 19 19 21 21 24 24 24 24 24 24 21 21 22 22 22 22 21 21 21 21 21 21 20 20 20 20 4 18 18 4 4 4 4 18 18 18 1 1 1 1 1 1 1 1 1 1 1 1 1 6 6 6 6 2 2 2 2 4 4 
19 19 19 21 21 24 21 21 21 24 24 24 22 22 22 22 22 22 21 21 21 21 20 20 20 20 20 20 10 4 4 4 4 4 18 18 18 1 1 1 1 1 1 18 18 1 1 1 1 1 6 6 6 2 2 4 4 4 4 4 
19 19 24 24 24 24 21 21 21 21 21 21 22 22 22 22 22 22 22 22 22 13 13 20 20 20 20 23 10 10 4 4 4 4 8 8 8 25 25 25 25 25 25 18 1 1 1 18 18 18 6 6 6 4 4 4 4 4 4 4 
19 19 24 24 24 21 21 21 21 21 21 22 22 22 22 22 22 22 22 22 22 13 13 13 20 20 23 23 10 10 10 4 23 23 4 8 8 25 25 25 25 25 18 18 18 1 18 18 18 18 18 4 4 4 4 4 4 4 4 4 
24 24 21 24 24 21 21 21 21 24 22 22 22 22 22 22 22 22 22 22 22 22 13 13 13 23 23 23 23 10 10 10 23 4 4 8 8 8 25 25 25 25 18 18 18 18 18 18 18 18 18 25 4 23 23 25 4 25 4 4 
19 19 21 24 24 21 21 21 24 22 22 22 22 22 22 22 22 22 22 22 22 22 12 13 10 10 23 23 23 23 23 23 4 4 8 8 8 8 8 25 25 25 18 18 18 18 18 18 18 18 18 25 23 23 25 25 25 25 25 25 
19 19 21 21 21 24 24 24 24 22 22 22 22 22 22 22 22 22 22 22 22 22 12 12 12 10 23 23 23 23 23 23 23 4 8 8 8 8 8 25 25 25 18 18 18 18 18 18 18 18 18 25 23 23 25 25 25 25 25 25 
