1	0.7876	0.7412
2	0.7878	0.7412
3	0.7864	0.7407
4	0.7855	0.7406
5	0.7849	0.7241
6	0.7841	0.7388
7	0.7840	0.7397
8	0.7824	0.7382
9	0.7827	0.7385
10	0.7813	0.7382
11	0.7811	0.7370
12	0.7809	0.7190
13	0.7784	0.7370
14	0.7782	0.7359
15	0.7784	0.7356
16	0.7756	0.7363
17	0.7767	0.7365
18	0.7754	0.7356
19	0.7759	0.7360
20	0.7741	0.7339
21	0.7724	0.7343
22	0.7742	0.7351
23	0.7728	0.7352
24	0.7711	0.7354
25	0.7714	0.7329
26	0.7711	0.7315
27	0.7692	0.7128
28	0.7683	0.7311
29	0.7683	0.7325
30	0.7681	0.7326
31	0.7662	0.7343
32	0.7666	0.7352
33	0.7642	0.7360
34	0.7652	0.7335
35	0.7636	0.7357
36	0.7637	0.7355
37	0.7620	0.7333
38	0.7620	0.7165
39	0.7600	0.7313
40	0.7604	0.7371
41	0.7610	0.7334
42	0.7591	0.7272
43	0.7596	0.7352
44	0.7582	0.7324
45	0.7560	0.7342
46	0.7572	0.7111
47	0.7567	0.7377
48	0.7559	0.7310
49	0.7562	0.7316
50	0.7529	0.7382
51	0.7515	0.7306
52	0.7536	0.7383
53	0.7523	0.7120
54	0.7533	0.7118
55	0.7512	0.7119
56	0.7500	0.7283
57	0.7496	0.7261
58	0.7488	0.7244
59	0.7479	0.7112
60	0.7487	0.7244
61	0.7476	0.7244
62	0.7458	0.7045
63	0.7461	0.7244
64	0.7445	0.7329
65	0.7441	0.7104
66	0.7439	0.7116
67	0.7421	0.7295
68	0.7417	0.7298
69	0.7414	0.7194
70	0.7410	0.7298
71	0.7396	0.7271
72	0.7395	0.7264
73	0.7394	0.7167
74	0.7382	0.7106
75	0.7379	0.7056
76	0.7373	0.7088
77	0.7374	0.7076
78	0.7357	0.7078
79	0.7362	0.7073
80	0.7330	0.7252
81	0.7337	0.7043
82	0.7338	0.7095
83	0.7316	0.7053
84	0.7310	0.7075
85	0.7316	0.7050
86	0.7317	0.7231
87	0.7301	0.7032
88	0.7296	0.7078
89	0.7285	0.7032
90	0.7277	0.7195
91	0.7271	0.7252
92	0.7274	0.7060
93	0.7263	0.7080
94	0.7245	0.7147
95	0.7245	0.7012
96	0.7242	0.7025
97	0.7230	0.7003
98	0.7231	0.7014
99	0.7216	0.7146
100	0.7223	0.6907
101	0.7210	0.7008
102	0.7216	0.6898
103	0.7199	0.6988
104	0.7209	0.6962
105	0.7178	0.6976
106	0.7182	0.7009
107	0.7173	0.7165
108	0.7168	0.6966
109	0.7166	0.6970
110	0.7152	0.6947
111	0.7145	0.6942
112	0.7144	0.6956
113	0.7133	0.6784
114	0.7125	0.6877
115	0.7129	0.6886
116	0.7123	0.6737
117	0.7114	0.6971
118	0.7107	0.6839
119	0.7101	0.6872
120	0.7084	0.6871
121	0.7087	0.6915
122	0.7079	0.6842
123	0.7067	0.6911
124	0.7059	0.6748
125	0.7079	0.7063
126	0.7054	0.7023
127	0.7057	0.6642
128	0.7042	0.6746
129	0.7041	0.6840
130	0.7045	0.6849
131	0.7032	0.6882
132	0.7020	0.6907
133	0.7011	0.6953
134	0.7000	0.6957
135	0.7010	0.6906
136	0.6977	0.6866
137	0.6986	0.6848
138	0.6969	0.6826
139	0.6979	0.6872
140	0.6966	0.6794
141	0.6966	0.6885
142	0.6946	0.7012
143	0.6957	0.6768
144	0.6946	0.6755
145	0.6942	0.6917
146	0.6924	0.6786
147	0.6928	0.6870
148	0.6918	0.6841
149	0.6907	0.6705
150	0.6903	0.6846
151	0.6891	0.6859
152	0.6885	0.6807
153	0.6885	0.6880
154	0.6882	0.6772
155	0.6882	0.6745
156	0.6868	0.6755
157	0.6855	0.6665
158	0.6840	0.6774
159	0.6857	0.6688
160	0.6835	0.6730
161	0.6833	0.6667
162	0.6841	0.6739
163	0.6831	0.6678
164	0.6819	0.6741
165	0.6829	0.6736
166	0.6816	0.6669
167	0.6815	0.6744
168	0.6780	0.6767
169	0.6782	0.6784
170	0.6779	0.6593
171	0.6771	0.6644
172	0.6772	0.6744
173	0.6762	0.6771
174	0.6754	0.6406
175	0.6756	0.6710
176	0.6746	0.6611
177	0.6750	0.6673
178	0.6736	0.6591
179	0.6725	0.6696
180	0.6716	0.6525
181	0.6716	0.6524
182	0.6706	0.6356
183	0.6698	0.6568
184	0.6704	0.6655
185	0.6701	0.6330
186	0.6689	0.6746
187	0.6672	0.6630
188	0.6679	0.6595
189	0.6654	0.6652
190	0.6668	0.6660
191	0.6651	0.6457
192	0.6661	0.6556
193	0.6642	0.6640
194	0.6636	0.6412
195	0.6630	0.6558
196	0.6633	0.6568
197	0.6618	0.6258
198	0.6615	0.6560
199	0.6599	0.6416
200	0.6604	0.6520
201	0.6595	0.6607
202	0.6587	0.6260
203	0.6592	0.6450
204	0.6585	0.6398
205	0.6573	0.6484
206	0.6578	0.6430
207	0.6554	0.6226
208	0.6551	0.6296
209	0.6540	0.6383
210	0.6535	0.6545
211	0.6528	0.6417
212	0.6526	0.6187
213	0.6522	0.6494
214	0.6511	0.6368
215	0.6501	0.6432
216	0.6511	0.6229
217	0.6495	0.6460
218	0.6489	0.6370
219	0.6485	0.6354
220	0.6483	0.6297
221	0.6471	0.6366
222	0.6483	0.6382
223	0.6455	0.6474
224	0.6468	0.6312
225	0.6465	0.6386
226	0.6448	0.6085
227	0.6451	0.6285
228	0.6429	0.6157
229	0.6423	0.6262
230	0.6422	0.6279
231	0.6415	0.6139
232	0.6415	0.6358
233	0.6403	0.6325
234	0.6387	0.6582
235	0.6382	0.6172
236	0.6367	0.6268
237	0.6367	0.6250
238	0.6362	0.6328
239	0.6375	0.6164
240	0.6338	0.6280
241	0.6351	0.6045
242	0.6360	0.6263
243	0.6343	0.6010
244	0.6352	0.6245
245	0.6337	0.6154
246	0.6320	0.6087
247	0.6320	0.6297
248	0.6302	0.6140
249	0.6292	0.6369
250	0.6289	0.6050
251	0.6270	0.5998
252	0.6284	0.6149
253	0.6277	0.6068
254	0.6261	0.6087
255	0.6264	0.6334
256	0.6263	0.6097
257	0.6242	0.6086
258	0.6247	0.6137
259	0.6234	0.6060
260	0.6230	0.6117
261	0.6228	0.6090
262	0.6221	0.6009
263	0.6223	0.6141
264	0.6209	0.6048
265	0.6209	0.6066
266	0.6194	0.6116
267	0.6197	0.6091
268	0.6185	0.6046
269	0.6176	0.6039
270	0.6186	0.6132
271	0.6159	0.6125
272	0.6164	0.5931
273	0.6134	0.6225
274	0.6147	0.6132
275	0.6142	0.6071
276	0.6139	0.5946
277	0.6103	0.5945
278	0.6130	0.5931
279	0.6115	0.5940
280	0.6109	0.6024
281	0.6087	0.6036
282	0.6086	0.6077
283	0.6084	0.5858
284	0.6084	0.6100
285	0.6064	0.5901
286	0.6069	0.5861
287	0.6047	0.5888
288	0.6060	0.5942
289	0.6051	0.5957
290	0.6045	0.5883
291	0.6039	0.5992
292	0.6024	0.5801
293	0.6015	0.5813
294	0.6005	0.5869
295	0.6012	0.5791
296	0.6000	0.5975
297	0.6013	0.5989
298	0.5987	0.5902
299	0.5972	0.5880
300	0.5971	0.5916
301	0.5964	0.5882
302	0.5970	0.5772
303	0.5955	0.5803
304	0.5937	0.5780
305	0.5931	0.5812
306	0.5930	0.5839
307	0.5930	0.5978
308	0.5928	0.5790
309	0.5927	0.5852
310	0.5911	0.5804
311	0.5899	0.5638
312	0.5901	0.5733
313	0.5903	0.5883
314	0.5919	0.5775
315	0.5879	0.5750
316	0.5877	0.5851
317	0.5872	0.5816
318	0.5843	0.5702
319	0.5836	0.5602
320	0.5828	0.5763
321	0.5858	0.5731
322	0.5842	0.5782
323	0.5825	0.5757
324	0.5810	0.5717
325	0.5781	0.5691
326	0.5801	0.5771
327	0.5791	0.5660
328	0.5793	0.5647
329	0.5786	0.5743
330	0.5779	0.5766
331	0.5772	0.5666
332	0.5755	0.5744
333	0.5764	0.5715
334	0.5751	0.5640
335	0.5739	0.5718
336	0.5730	0.5584
337	0.5738	0.5691
338	0.5736	0.5629
339	0.5726	0.5647
340	0.5705	0.5669
341	0.5700	0.5560
342	0.5699	0.5636
343	0.5702	0.5614
344	0.5679	0.5715
345	0.5688	0.5704
346	0.5687	0.5536
347	0.5670	0.5492
348	0.5652	0.5560
349	0.5640	0.5635
350	0.5646	0.5649
351	0.5645	0.5546
352	0.5629	0.5450
353	0.5613	0.5487
354	0.5611	0.5598
355	0.5613	0.5480
356	0.5589	0.5432
357	0.5594	0.5605
358	0.5602	0.5610
359	0.5583	0.5427
360	0.5561	0.5482
361	0.5570	0.5521
362	0.5547	0.5522
363	0.5556	0.5529
364	0.5551	0.5378
365	0.5522	0.5499
366	0.5532	0.5469
367	0.5517	0.5410
368	0.5524	0.5436
369	0.5504	0.5505
370	0.5520	0.5436
371	0.5497	0.5486
372	0.5519	0.5485
373	0.5493	0.5410
374	0.5474	0.5460
375	0.5477	0.5429
376	0.5480	0.5459
377	0.5472	0.5446
378	0.5447	0.5400
379	0.5417	0.5334
380	0.5433	0.5407
381	0.5454	0.5390
382	0.5416	0.5386
383	0.5419	0.5378
384	0.5408	0.5371
385	0.5418	0.5356
386	0.5419	0.5368
387	0.5401	0.5326
388	0.5405	0.5336
389	0.5398	0.5321
390	0.5390	0.5317
391	0.5376	0.5316
392	0.5368	0.5325
393	0.5369	0.5305
394	0.5347	0.5299
395	0.5342	0.5295
396	0.5344	0.5283
397	0.5331	0.5269
398	0.5325	0.5283
399	0.5317	0.5279
400	0.5311	0.5263
401	0.5304	0.5261
402	0.5295	0.5251
403	0.5293	0.5249
404	0.5280	0.5233
405	0.5268	0.5226
406	0.5265	0.5228
407	0.5259	0.5224
408	0.5250	0.5210
409	0.5247	0.5201
410	0.5238	0.5193
411	0.5232	0.5194
412	0.5230	0.5185
413	0.5216	0.5173
414	0.5209	0.5178
415	0.5203	0.5174
416	0.5200	0.5165
417	0.5193	0.5157
418	0.5183	0.5154
419	0.5180	0.5157
420	0.5169	0.5143
421	0.5163	0.5135
422	0.5158	0.5128
423	0.5149	0.5126
424	0.5148	0.5124
425	0.5141	0.5125
426	0.5128	0.5115
427	0.5127	0.5110
428	0.5117	0.5103
429	0.5111	0.5095
430	0.5103	0.5093
431	0.5096	0.5089
432	0.5093	0.5082
433	0.5085	0.5077
434	0.5088	0.5070
435	0.5075	0.5064
436	0.5066	0.5061
437	0.5063	0.5060
438	0.5056	0.5053
439	0.5049	0.5049
440	0.5044	0.5041
441	0.5037	0.5038
442	0.5033	0.5028
443	0.5027	0.5027
444	0.5021	0.5024
445	0.5014	0.5014
446	0.5008	0.5011
447	0.5002	0.5009
448	0.4996	0.5004
449	0.4990	0.4957
450	0.4984	0.4996
451	0.4980	0.4950
452	0.4973	0.4948
453	0.4968	0.4979
454	0.4963	0.4935
455	0.4955	0.4972
456	0.4949	0.4927
457	0.4944	0.4920
458	0.4937	0.4915
459	0.4932	0.4912
460	0.4928	0.4903
461	0.4920	0.4896
462	0.4914	0.4889
463	0.4910	0.4884
464	0.4902	0.4884
465	0.4898	0.4877
466	0.4893	0.4871
467	0.4885	0.4871
468	0.4882	0.4864
469	0.4875	0.4857
470	0.4869	0.4854
471	0.4864	0.4846
472	0.4857	0.4843
473	0.4852	0.4843
474	0.4847	0.4834
475	0.4839	0.4829
476	0.4835	0.4826
477	0.4829	0.4821
478	0.4823	0.4814
479	0.4817	0.4809
480	0.4811	0.4804
481	0.4807	0.4803
482	0.4802	0.4798
483	0.4795	0.4794
484	0.4789	0.4790
485	0.4783	0.4787
486	0.4778	0.4781
487	0.4772	0.4776
488	0.4766	0.4770
489	0.4760	0.4765
490	0.4754	0.4761
491	0.4749	0.4757
492	0.4744	0.4752
493	0.4737	0.4741
494	0.4731	0.4737
495	0.4726	0.4732
496	0.4720	0.4725
497	0.4714	0.4718
498	0.4709	0.4712
499	0.4704	0.4705
500	0.4698	0.4698
