5	5	5	5	5	8	8	8	8	8	8	8	8	8	8	8	8	0	23	23	23	23	23	2	2	2	2	2	2	2	-1	-1	-1	-1	-1	-1	-1	-1	-1	-1	-1	-1	-1	-1	-1	-1	25	25	25	25	25	25	4	4	4	1	1	1	1	1	
5	5	5	5	5	8	8	8	8	8	8	8	8	8	8	8	8	0	3	23	23	23	23	2	2	2	2	2	2	-1	-1	-1	3	3	-1	-1	-1	-1	-1	-1	-1	-1	-1	-1	-1	25	25	25	25	25	25	25	4	4	4	1	1	1	1	1	
5	5	5	5	5	8	8	8	8	8	8	8	8	8	8	8	8	3	3	3	23	23	23	-1	-1	2	2	2	2	-1	-1	-1	3	3	3	-1	-1	-1	-1	-1	-1	-1	-1	-1	-1	25	25	25	25	25	25	25	4	4	4	1	1	1	1	1	
5	5	5	5	5	8	8	8	8	8	8	8	8	8	8	8	8	3	3	3	3	23	23	-1	-1	-1	-1	-1	11	-1	-1	-1	3	3	3	3	-1	-1	-1	-1	-1	-1	-1	-1	-1	25	25	25	25	25	25	25	25	4	4	4	1	1	1	1	
5	5	5	5	5	5	8	8	8	8	8	8	8	8	8	8	8	3	3	3	3	3	23	-1	-1	-1	-1	11	11	11	-1	3	3	3	3	3	3	-1	-1	-1	-1	-1	-1	-1	25	25	25	25	25	25	25	25	25	25	-1	-1	8	8	8	-1	
5	5	5	5	5	5	8	8	8	8	8	8	8	8	8	8	3	3	3	3	3	3	3	-1	-1	-1	-1	11	11	11	-1	3	3	3	3	3	3	-1	-1	-1	-1	-1	-1	-1	25	25	25	25	25	25	25	25	25	25	-1	-1	-1	-1	-1	-1	
5	5	5	5	5	5	8	8	8	8	8	8	8	8	8	8	3	3	3	3	3	3	3	3	4	-1	-1	11	11	11	11	3	3	3	3	3	3	3	-1	-1	-1	-1	-1	8	25	25	25	25	25	25	25	25	25	25	-1	-1	-1	-1	-1	-1	
5	5	5	5	5	5	8	8	8	8	8	8	8	8	8	3	3	3	3	3	3	3	3	3	4	4	11	11	11	11	11	3	3	3	3	3	3	-1	-1	-1	-1	-1	8	8	25	25	25	25	25	25	25	25	25	25	-1	-1	-1	-1	-1	-1	
5	5	5	5	5	5	5	8	8	8	8	8	8	8	8	3	3	3	3	3	3	3	3	3	4	4	4	4	11	11	-1	-1	-1	3	3	-1	-1	-1	-1	-1	-1	-1	8	8	25	25	25	25	25	25	25	25	25	25	-1	-1	-1	-1	-1	-1	
5	5	5	5	5	5	5	8	8	8	8	8	8	8	8	3	3	3	3	3	3	3	3	3	3	4	4	4	4	-1	-1	-1	-1	-1	-1	-1	-1	-1	-1	-1	-1	-1	8	8	25	25	25	25	25	25	25	25	25	25	-1	-1	-1	-1	-1	-1	
5	5	5	5	5	5	5	5	8	8	8	8	8	8	3	3	3	3	3	3	3	3	3	3	3	4	4	4	4	-1	-1	-1	-1	-1	-1	-1	-1	-1	-1	-1	-1	8	8	8	25	25	25	25	25	25	25	25	25	-1	-1	-1	-1	-1	-1	-1	
5	5	5	5	5	5	5	5	8	8	8	8	8	3	3	3	3	3	3	3	3	3	3	3	3	3	4	4	4	-1	-1	-1	-1	-1	-1	-1	-1	-1	-1	-1	-1	8	8	8	25	25	25	25	25	25	25	25	25	-1	-1	-1	-1	-1	-1	-1	
5	5	5	5	5	5	5	5	8	8	8	8	8	3	3	3	3	3	3	3	3	3	3	3	3	3	3	4	4	-1	-1	-1	-1	-1	-1	-1	-1	-1	-1	-1	-1	4	7	8	7	25	25	25	25	25	25	25	25	-1	-1	-1	-1	-1	-1	-1	
5	5	5	5	5	5	5	5	5	8	8	-1	-1	-1	-1	3	3	3	3	3	3	3	3	3	3	3	3	4	4	4	-1	-1	-1	-1	-1	-1	-1	-1	-1	4	4	4	7	7	7	25	25	25	25	25	25	25	-1	-1	-1	-1	-1	-1	-1	-1	
5	5	5	5	5	5	5	5	5	11	-1	-1	-1	-1	-1	-1	3	3	3	3	3	3	3	3	3	3	3	3	4	4	-1	-1	-1	-1	-1	-1	-1	1	4	4	4	4	7	7	7	7	25	25	25	25	25	25	11	-1	-1	-1	-1	-1	-1	-1	
5	5	5	5	5	5	2	2	5	5	5	5	5	5	5	-1	-1	3	3	3	3	3	3	3	3	3	3	3	3	3	-1	-1	-1	1	1	1	1	1	1	4	4	4	7	7	7	7	25	25	25	25	25	11	11	11	11	-1	-1	-1	-1	-1	
2	2	2	2	2	2	5	5	5	5	5	5	5	5	5	5	5	5	3	3	3	3	3	3	3	3	3	3	3	3	1	1	1	1	1	1	1	1	1	1	4	7	7	7	7	7	-1	25	25	25	11	11	11	11	11	11	-1	11	11	11	
-1	-1	-1	-1	5	5	5	5	5	5	5	5	5	5	5	5	5	5	5	11	11	3	3	3	3	3	3	3	3	3	1	1	1	1	1	1	1	1	1	1	1	7	7	7	7	7	2	2	8	7	11	11	11	11	11	11	11	11	11	11	
-1	-1	-1	-1	-1	5	5	5	5	5	5	5	5	5	5	5	5	11	11	11	11	11	11	11	11	3	3	3	3	3	1	1	1	1	1	1	1	1	1	1	1	1	7	7	7	2	2	2	8	8	7	11	11	11	11	11	11	11	11	11	
-1	-1	-1	-1	14	14	14	14	14	14	14	14	14	14	14	14	11	11	11	11	11	11	11	11	0	0	0	0	0	0	1	1	1	1	1	1	1	1	1	1	1	1	1	7	7	2	2	8	8	8	8	7	11	11	11	11	11	11	11	11	
-1	-1	-1	14	14	14	14	14	14	14	14	14	14	14	14	14	11	11	11	11	11	11	11	0	0	0	0	0	0	0	0	1	1	1	1	1	1	1	1	1	1	1	1	7	2	2	25	25	25	25	25	25	25	11	11	11	11	11	11	11	
-1	-1	14	14	14	14	14	14	14	14	14	14	14	14	14	14	7	11	11	11	11	11	0	0	0	0	0	0	0	0	0	0	1	1	1	1	1	1	1	1	1	1	1	1	2	2	25	25	25	25	25	25	25	25	11	11	11	11	11	11	
-1	23	14	14	14	14	14	14	14	14	14	14	14	14	14	7	7	7	11	11	0	0	0	0	0	0	0	0	0	0	0	0	1	1	1	1	1	1	1	1	1	1	1	1	0	25	25	25	25	25	25	25	25	25	25	3	3	3	3	3	
23	23	23	14	14	14	14	14	14	14	14	14	14	14	14	7	7	7	7	0	0	0	0	0	0	0	0	0	0	0	0	0	0	1	1	1	1	1	1	1	1	1	1	0	0	0	25	25	25	25	25	25	25	25	25	25	3	3	3	3	
23	23	23	14	14	14	14	14	14	14	14	14	14	14	14	7	7	7	7	0	0	0	0	0	0	0	0	0	0	0	0	0	0	-1	1	1	1	1	1	1	1	1	1	0	0	0	0	25	25	25	25	25	25	25	25	25	3	3	3	3	
23	23	23	14	14	14	14	14	14	14	14	14	14	14	7	7	7	7	7	0	0	0	0	0	0	0	0	0	0	0	0	0	0	0	1	1	1	1	1	1	1	1	1	0	0	0	0	25	25	25	25	25	25	25	25	25	25	3	3	3	
23	23	23	14	14	14	14	14	14	14	14	14	14	14	7	7	7	7	7	0	0	0	0	0	0	0	0	0	0	0	0	0	0	0	-1	1	1	1	1	1	1	1	1	0	0	0	0	0	25	25	25	25	25	25	25	25	25	25	3	3	
-1	23	14	14	14	14	14	14	14	14	14	14	14	14	7	7	7	7	7	0	0	0	0	0	0	0	0	0	0	0	0	0	0	0	-1	-1	1	1	1	1	1	1	0	0	0	0	0	0	0	25	25	25	25	25	25	25	25	25	25	25	
15	15	14	14	14	14	14	14	14	14	14	14	14	14	7	7	7	7	7	0	0	0	0	0	0	0	0	0	0	0	0	0	0	0	-1	-1	1	1	1	1	1	1	0	0	0	0	0	0	0	0	25	25	25	25	25	25	25	0	0	0	
15	15	15	14	14	14	14	14	14	14	14	14	14	14	7	7	7	7	7	7	0	0	0	0	0	0	0	0	0	0	0	0	0	0	-1	-1	-1	1	1	1	1	1	0	0	0	0	0	0	4	4	4	4	4	4	4	4	4	4	0	0	
15	15	15	15	14	14	14	14	14	14	14	14	14	14	14	7	7	7	7	7	0	0	0	0	0	0	0	0	0	0	0	0	0	0	-1	-1	-1	2	2	2	2	2	2	0	0	0	0	4	4	4	4	4	4	4	4	4	4	4	4	4	
15	15	15	15	15	14	14	14	14	14	14	14	14	14	14	14	14	7	14	14	0	0	0	0	0	0	0	0	0	0	0	0	0	-1	-1	-1	-1	2	2	2	2	2	2	2	0	0	0	4	4	4	4	4	4	4	4	4	4	4	4	4	
15	15	15	15	15	2	14	14	14	14	14	14	14	14	14	14	14	14	14	14	0	0	0	0	0	0	0	0	0	0	0	0	-1	-1	-1	-1	-1	2	2	2	2	2	2	2	2	2	4	4	4	4	4	4	4	4	4	4	4	4	4	4	
15	15	15	15	15	2	2	2	2	2	14	14	14	14	14	14	14	14	14	14	14	0	0	0	0	0	0	0	0	0	0	0	-1	-1	-1	-1	-1	2	2	2	2	2	2	2	2	2	4	4	4	4	4	4	4	4	4	4	4	4	4	4	
15	15	15	15	15	2	2	2	2	2	2	14	14	14	14	14	14	14	14	14	14	0	0	0	0	0	0	0	0	0	0	-1	-1	-1	-1	-1	2	2	2	2	2	2	2	2	2	2	2	4	4	4	4	4	4	4	4	4	4	4	4	4	
15	15	15	15	15	15	2	2	2	2	2	2	14	14	14	14	14	14	14	14	14	0	0	0	0	0	0	0	0	0	-1	-1	-1	-1	-1	-1	2	2	2	2	2	2	2	2	2	2	2	4	4	4	4	4	4	4	4	4	4	4	4	4	
15	15	15	15	15	15	2	2	2	2	2	2	2	14	14	14	14	14	14	14	14	14	0	0	0	0	0	0	0	-1	-1	-1	-1	-1	-1	-1	2	2	2	2	2	2	2	2	2	2	2	-1	4	4	4	4	4	4	4	4	4	4	4	-1	
15	15	15	15	15	15	2	2	2	2	2	2	23	23	14	14	14	14	14	14	-1	-1	-1	0	0	0	0	0	-1	-1	-1	-1	-1	-1	-1	2	2	2	2	2	2	2	2	2	2	2	2	-1	-1	-1	4	4	4	4	4	4	4	-1	-1	-1	
15	15	15	15	15	15	2	2	2	2	2	2	23	23	23	14	14	-1	-1	-1	-1	-1	-1	-1	-1	0	0	-1	-1	-1	-1	-1	-1	-1	-1	2	2	2	2	2	2	2	2	2	2	2	2	-1	-1	-1	-1	4	4	4	4	-1	-1	-1	-1	-1	
15	15	15	15	15	15	2	2	2	2	2	2	23	23	23	-1	-1	-1	-1	-1	-1	-1	-1	-1	-1	-1	-1	-1	-1	-1	-1	-1	-1	-1	2	2	2	2	2	2	2	2	2	2	2	2	2	2	-1	-1	-1	-1	-1	-1	-1	-1	-1	-1	-1	-1	
15	15	15	15	15	15	11	11	11	2	2	2	23	23	-1	-1	-1	-1	-1	-1	-1	-1	-1	-1	-1	-1	-1	-1	-1	-1	-1	-1	-1	-1	2	2	2	2	2	2	2	2	2	2	2	2	2	2	-1	-1	-1	-1	-1	-1	-1	-1	-1	-1	-1	-1	
6	6	6	6	15	15	11	11	11	11	-1	-1	-1	-1	-1	-1	-1	-1	-1	-1	-1	-1	-1	-1	-1	-1	-1	-1	-1	-1	-1	-1	-1	-1	2	2	2	2	2	2	2	2	2	2	2	2	2	2	-1	-1	-1	-1	-1	-1	14	-1	-1	-1	-1	-1	
15	15	15	15	15	15	15	-1	-1	-1	-1	-1	-1	-1	-1	-1	-1	-1	-1	-1	-1	-1	-1	-1	-1	-1	-1	-1	-1	-1	-1	-1	-1	2	2	2	2	2	2	2	2	2	2	2	2	2	2	2	-1	-1	-1	-1	-1	14	14	-1	-1	-1	-1	-1	
15	15	15	15	15	15	15	15	-1	-1	-1	-1	-1	-1	-1	-1	-1	-1	-1	-1	-1	-1	-1	-1	-1	-1	-1	-1	-1	-1	-1	-1	3	2	2	2	2	2	2	2	2	2	2	2	2	2	2	2	-1	-1	-1	-1	-1	14	14	14	-1	-1	-1	-1	
15	15	15	15	15	15	15	15	-1	-1	-1	-1	-1	-1	-1	-1	-1	-1	-1	-1	-1	-1	-1	-1	-1	-1	-1	-1	-1	3	3	3	3	3	2	2	2	2	2	2	2	2	2	2	2	2	2	2	-1	-1	-1	12	25	25	25	25	14	-1	-1	-1	
15	15	15	15	15	15	15	15	15	-1	-1	-1	-1	-1	-1	-1	-1	-1	-1	-1	-1	-1	-1	-1	-1	-1	-1	-1	3	3	3	3	3	3	3	2	2	2	2	2	2	2	2	2	2	2	2	2	25	25	25	25	25	25	25	25	25	25	25	1	
15	15	15	15	15	15	15	15	15	15	-1	-1	-1	-1	-1	-1	-1	-1	6	6	-1	-1	-1	-1	-1	-1	-1	3	3	3	3	3	3	3	3	3	3	2	2	2	2	2	2	2	2	2	-1	25	25	25	25	25	25	25	25	25	25	25	25	25	
15	15	15	15	15	15	15	15	15	15	15	-1	-1	-1	-1	-1	-1	-1	6	6	6	6	-1	-1	-1	-1	3	3	3	3	3	3	3	3	3	3	3	3	2	2	2	2	2	2	2	-1	25	25	25	25	25	25	25	25	25	25	25	25	25	25	
15	15	15	15	15	15	15	15	15	15	15	-1	-1	-1	-1	-1	-1	-1	6	6	6	6	6	6	3	3	3	3	3	3	3	3	3	3	3	3	3	3	3	2	2	2	-1	-1	-1	25	25	25	25	25	25	25	25	25	25	25	25	25	25	25	
15	15	15	15	15	15	15	15	15	15	6	6	6	-1	-1	-1	-1	-1	6	6	6	6	6	3	3	3	3	3	3	3	3	3	3	3	3	3	3	3	3	3	-1	-1	-1	-1	-1	25	25	25	25	25	25	25	25	25	25	25	25	25	25	25	
4	4	15	15	15	15	6	6	6	6	6	6	6	6	6	6	23	23	6	6	6	6	3	3	3	3	3	3	3	3	3	3	3	3	3	3	3	3	3	3	-1	-1	-1	-1	-1	25	25	25	25	25	25	25	25	25	25	25	25	25	25	25	
23	23	23	6	6	6	6	6	6	6	6	6	6	6	6	6	6	23	23	23	6	3	3	3	3	3	3	3	3	3	3	3	3	3	3	3	3	3	3	3	3	-1	-1	-1	25	25	25	25	25	25	25	25	25	25	25	25	25	25	25	25	
23	23	23	6	6	6	6	6	6	6	6	6	6	6	6	6	6	6	23	23	23	3	3	3	3	3	3	3	3	3	3	3	3	3	3	3	3	3	3	3	3	-1	-1	-1	25	25	25	25	25	25	25	25	25	25	25	25	25	25	25	25	
23	23	23	6	6	6	6	6	6	6	6	6	6	6	6	6	6	6	23	23	23	23	3	3	3	3	3	3	3	3	3	3	3	3	3	3	3	3	3	3	3	-1	-1	25	25	25	25	25	25	25	25	25	25	25	25	25	25	25	25	25	
23	23	23	6	6	6	6	6	6	6	6	6	6	6	6	6	6	6	6	23	23	23	0	0	3	3	3	3	3	3	3	3	3	3	3	3	3	3	3	3	3	11	11	25	25	25	25	25	25	25	25	25	25	25	25	25	25	25	25	25	
23	23	6	6	6	6	6	6	6	6	6	6	6	6	6	6	6	6	6	6	23	23	0	0	0	0	3	3	3	3	3	3	3	3	3	3	3	3	3	3	3	11	11	25	25	25	25	25	25	25	25	25	25	25	25	25	25	25	25	25	
23	23	6	6	6	6	6	6	6	6	6	6	6	6	6	6	6	6	6	6	23	23	0	0	0	0	0	3	3	3	3	3	3	3	3	3	3	3	3	3	11	11	11	25	25	25	25	25	25	25	25	25	25	25	25	25	25	25	25	25	
23	23	3	6	6	6	6	6	6	6	6	6	6	6	6	6	6	6	6	6	23	23	23	0	0	0	0	3	3	3	3	3	3	3	3	3	3	3	3	3	11	11	11	25	25	25	25	25	25	25	25	25	25	25	25	25	25	25	25	8	
23	3	3	3	6	6	12	12	12	12	12	12	12	12	12	12	12	6	6	6	6	23	23	0	0	0	0	0	3	3	3	3	3	3	3	3	3	3	3	3	11	11	11	25	25	25	25	25	25	25	25	25	25	25	25	25	25	25	8	8	
3	3	3	3	12	12	12	12	12	12	12	12	12	12	12	12	12	12	12	12	-1	23	23	0	0	0	0	0	3	3	3	3	3	3	3	3	3	3	3	11	11	11	25	25	25	25	25	25	25	25	25	25	25	25	25	25	0	0	0	0	
