1	0.9842	0.9192
2	0.9843	0.9192
3	0.9834	0.9151
4	0.9821	0.9154
5	0.9809	0.9144
6	0.9797	0.9154
7	0.9784	0.9144
8	0.9770	0.9134
9	0.9763	0.9124
10	0.9752	0.9088
11	0.9742	0.9111
12	0.9731	0.9101
13	0.9719	0.9054
14	0.9705	0.9047
15	0.9692	0.9035
16	0.9683	0.9037
17	0.9670	0.9035
18	0.9659	0.9025
19	0.9650	0.9021
20	0.9639	0.9012
21	0.9629	0.8987
22	0.9620	0.8978
23	0.9605	0.8980
24	0.9593	0.8971
25	0.9586	0.8962
26	0.9572	0.8959
27	0.9558	0.8952
28	0.9550	0.8965
29	0.9537	0.8914
30	0.9523	0.8906
31	0.9517	0.8899
32	0.9505	0.8930
33	0.9498	0.8921
34	0.9486	0.8889
35	0.9473	0.8862
36	0.9463	0.8854
37	0.9454	0.8863
38	0.9443	0.8833
39	0.9435	0.8825
40	0.9423	0.8823
41	0.9410	0.8804
42	0.9399	0.8796
43	0.9386	0.8788
44	0.9380	0.8788
45	0.9366	0.8772
46	0.9357	0.8772
47	0.9345	0.8765
48	0.9339	0.8760
49	0.9324	0.8779
50	0.9317	0.8771
51	0.9307	0.8752
52	0.9292	0.8744
53	0.9279	0.8375
54	0.9271	0.8368
55	0.9264	0.8360
56	0.9248	0.8711
57	0.9236	0.8704
58	0.9229	0.8347
59	0.9215	0.8340
60	0.9203	0.8332
61	0.9195	0.8325
62	0.9184	0.8629
63	0.9171	0.8303
64	0.9162	0.8280
65	0.9150	0.8296
66	0.9142	0.8262
67	0.9134	0.8268
68	0.9121	0.8220
69	0.9110	0.8246
70	0.9099	0.8241
71	0.9090	0.8234
72	0.9079	0.8202
73	0.9069	0.8237
74	0.9058	0.8229
75	0.9053	0.8223
76	0.9039	0.8218
77	0.9027	0.8208
78	0.9017	0.8202
79	0.9008	0.8196
80	0.9002	0.8177
81	0.8989	0.8170
82	0.8980	0.8178
83	0.8972	0.8121
84	0.8963	0.8166
85	0.8947	0.8154
86	0.8941	0.8157
87	0.8930	0.8147
88	0.8926	0.8149
89	0.8906	0.8278
90	0.8900	0.8270
91	0.8893	0.8081
92	0.8884	0.8063
93	0.8875	0.8124
94	0.8862	0.8062
95	0.8851	0.8103
96	0.8845	0.8108
97	0.8832	0.8101
98	0.8823	0.8146
99	0.8809	0.8078
100	0.8800	0.8148
101	0.8794	0.8141
102	0.8786	0.8119
103	0.8770	0.8127
104	0.8760	0.8001
105	0.8757	0.8070
106	0.8740	0.8174
107	0.8740	0.8159
108	0.8726	0.8154
109	0.8723	0.8043
110	0.8711	0.8037
111	0.8704	0.8045
112	0.8690	0.8158
113	0.8682	0.8110
114	0.8664	0.8022
115	0.8662	0.8024
116	0.8649	0.8010
117	0.8643	0.8037
118	0.8629	0.7998
119	0.8623	0.8026
120	0.8612	0.8084
121	0.8608	0.7968
122	0.8595	0.8088
123	0.8583	0.8086
124	0.8572	0.7961
125	0.8573	0.8046
126	0.8554	0.8001
127	0.8547	0.8042
128	0.8537	0.8086
129	0.8535	0.8017
130	0.8526	0.8004
131	0.8512	0.8062
132	0.8502	0.8056
133	0.8488	0.8009
134	0.8479	0.7990
135	0.8471	0.8031
136	0.8462	0.8009
137	0.8454	0.8012
138	0.8450	0.7998
139	0.8438	0.7781
140	0.8424	0.8004
141	0.8417	0.7998
142	0.8402	0.7880
143	0.8395	0.7770
144	0.8392	0.7758
145	0.8384	0.7748
146	0.8370	0.7940
147	0.8359	0.7961
148	0.8353	0.7899
149	0.8348	0.7902
150	0.8338	0.7968
151	0.8328	0.7891
152	0.8321	0.7958
153	0.8310	0.7958
154	0.8296	0.7931
155	0.8293	0.7917
156	0.8281	0.7947
157	0.8269	0.7768
158	0.8262	0.7896
159	0.8258	0.7891
160	0.8245	0.7918
161	0.8236	0.7946
162	0.8228	0.7720
163	0.8216	0.7727
164	0.8221	0.7639
165	0.8204	0.7863
166	0.8195	0.7705
167	0.8187	0.7875
168	0.8172	0.7714
169	0.8159	0.7702
170	0.8154	0.7905
171	0.8158	0.7654
172	0.8134	0.7852
173	0.8127	0.7693
174	0.8121	0.7830
175	0.8110	0.7825
176	0.8097	0.7685
177	0.8093	0.7808
178	0.8083	0.7792
179	0.8073	0.7798
180	0.8066	0.7681
181	0.8053	0.7814
182	0.8046	0.7810
183	0.8041	0.7767
184	0.8032	0.7779
185	0.8021	0.7740
186	0.8017	0.7734
187	0.7988	0.7741
188	0.7994	0.7743
189	0.7986	0.7741
190	0.7973	0.7729
191	0.7966	0.7760
192	0.7959	0.7753
193	0.7945	0.7733
194	0.7945	0.7761
195	0.7929	0.7721
196	0.7922	0.7790
197	0.7913	0.7680
198	0.7906	0.7696
199	0.7901	0.7644
200	0.7893	0.7723
201	0.7883	0.7710
202	0.7867	0.7705
203	0.7864	0.7595
204	0.7865	0.7693
205	0.7848	0.7652
206	0.7830	0.7684
207	0.7838	0.7584
208	0.7817	0.7647
209	0.7814	0.7694
210	0.7809	0.7699
211	0.7796	0.7706
212	0.7782	0.7647
213	0.7780	0.7615
214	0.7773	0.7592
215	0.7770	0.7609
216	0.7750	0.7593
217	0.7743	0.7623
218	0.7730	0.7579
219	0.7722	0.7591
220	0.7724	0.7631
221	0.7708	0.7582
222	0.7688	0.7605
223	0.7699	0.7591
224	0.7678	0.7459
225	0.7675	0.7460
226	0.7675	0.7412
227	0.7650	0.7518
228	0.7648	0.7517
229	0.7638	0.7567
230	0.7643	0.7387
231	0.7628	0.7447
232	0.7616	0.7405
233	0.7607	0.7531
234	0.7606	0.7526
235	0.7594	0.7363
236	0.7591	0.7350
237	0.7581	0.7416
238	0.7568	0.7348
239	0.7564	0.7369
240	0.7551	0.7347
241	0.7555	0.7333
242	0.7543	0.7311
243	0.7529	0.7317
244	0.7528	0.7394
245	0.7509	0.7346
246	0.7498	0.7328
247	0.7486	0.7320
248	0.7481	0.7320
249	0.7473	0.7296
250	0.7464	0.7257
251	0.7464	0.7289
252	0.7453	0.7349
253	0.7446	0.7272
254	0.7439	0.7360
255	0.7437	0.7240
256	0.7417	0.7277
257	0.7423	0.7245
258	0.7403	0.7095
259	0.7403	0.7087
260	0.7396	0.7300
261	0.7392	0.7264
262	0.7378	0.7195
263	0.7364	0.7326
264	0.7347	0.7307
265	0.7337	0.7195
266	0.7347	0.7172
267	0.7321	0.7022
268	0.7314	0.7119
269	0.7318	0.7208
270	0.7306	0.7173
271	0.7292	0.7166
272	0.7289	0.7166
273	0.7286	0.7049
274	0.7267	0.7055
275	0.7263	0.7159
276	0.7255	0.7126
277	0.7255	0.7140
278	0.7238	0.6940
279	0.7229	0.7098
280	0.7223	0.7030
281	0.7217	0.6923
282	0.7207	0.6918
283	0.7203	0.6980
284	0.7191	0.6988
285	0.7179	0.6984
286	0.7167	0.6977
287	0.7174	0.6948
288	0.7157	0.6870
289	0.7153	0.6894
290	0.7147	0.6864
291	0.7129	0.6891
292	0.7134	0.6835
293	0.7120	0.6834
294	0.7111	0.6831
295	0.7116	0.6830
296	0.7099	0.6810
297	0.7092	0.6809
298	0.7086	0.6806
299	0.7070	0.6876
300	0.7062	0.6768
301	0.7059	0.6782
302	0.7042	0.6763
303	0.7034	0.6754
304	0.7029	0.6758
305	0.7018	0.6737
306	0.7018	0.6723
307	0.6997	0.6720
308	0.6993	0.6714
309	0.6982	0.6713
310	0.6976	0.6687
311	0.6972	0.6684
312	0.6954	0.6687
313	0.6953	0.6707
314	0.6951	0.6673
315	0.6937	0.6659
316	0.6930	0.6655
317	0.6924	0.6646
318	0.6921	0.6655
319	0.6899	0.6650
320	0.6897	0.6629
321	0.6890	0.6626
322	0.6877	0.6614
323	0.6863	0.6612
324	0.6862	0.6619
325	0.6853	0.6607
326	0.6847	0.6605
327	0.6839	0.6606
328	0.6820	0.6585
329	0.6820	0.6586
330	0.6804	0.6574
331	0.6794	0.6568
332	0.6789	0.6605
333	0.6780	0.6575
334	0.6767	0.6559
335	0.6761	0.6553
336	0.6752	0.6560
337	0.6753	0.6555
338	0.6739	0.6545
339	0.6735	0.6536
340	0.6723	0.6529
341	0.6713	0.6520
342	0.6707	0.6519
343	0.6708	0.6501
344	0.6689	0.6498
345	0.6679	0.6486
346	0.6674	0.6495
347	0.6665	0.6487
348	0.6657	0.6487
349	0.6645	0.6480
350	0.6637	0.6476
351	0.6630	0.6477
352	0.6623	0.6470
353	0.6630	0.6478
354	0.6606	0.6487
355	0.6600	0.6471
356	0.6592	0.6471
357	0.6580	0.6465
358	0.6589	0.6486
359	0.6565	0.6469
360	0.6556	0.6476
361	0.6551	0.6465
362	0.6542	0.6457
363	0.6536	0.6453
364	0.6533	0.6449
365	0.6523	0.6442
366	0.6515	0.6442
367	0.6507	0.6432
368	0.6499	0.6428
369	0.6493	0.6431
370	0.6487	0.6409
371	0.6476	0.6398
372	0.6468	0.6384
373	0.6459	0.6379
374	0.6453	0.6373
375	0.6447	0.6368
376	0.6439	0.6365
377	0.6430	0.6369
378	0.6425	0.6362
379	0.6418	0.6350
380	0.6409	0.6346
381	0.6401	0.6339
382	0.6397	0.6335
383	0.6388	0.6329
384	0.6380	0.6326
385	0.6373	0.6318
386	0.6366	0.6315
387	0.6358	0.6312
388	0.6351	0.6308
389	0.6345	0.6303
390	0.6337	0.6300
391	0.6331	0.6294
392	0.6322	0.6292
393	0.6316	0.6288
394	0.6309	0.6287
395	0.6303	0.6284
396	0.6297	0.6283
397	0.6291	0.6278
398	0.6283	0.6273
399	0.6276	0.6269
400	0.6269	0.6264
