1	0.2380	0.2327
2	0.2329	0.2347
3	0.2317	0.2332
4	0.2306	0.2367
5	0.2300	0.2337
6	0.2300	0.2359
7	0.2298	0.2315
8	0.2278	0.2322
9	0.2274	0.2312
10	0.2272	0.2329
11	0.2258	0.2256
12	0.2258	0.2275
13	0.2258	0.2307
14	0.2248	0.2258
15	0.2250	0.2273
16	0.2235	0.2269
17	0.2256	0.2287
18	0.2236	0.2282
19	0.2226	0.2242
20	0.2217	0.2207
21	0.2202	0.2228
22	0.2205	0.2237
23	0.2193	0.2209
24	0.2189	0.2242
25	0.2195	0.2201
26	0.2171	0.2227
27	0.2169	0.2226
28	0.2167	0.2214
29	0.2162	0.2172
30	0.2152	0.2181
31	0.2143	0.2181
32	0.2145	0.2179
33	0.2140	0.2134
34	0.2143	0.2173
35	0.2139	0.2162
36	0.2130	0.2165
37	0.2126	0.2153
38	0.2118	0.2175
39	0.2126	0.2166
40	0.2116	0.2119
41	0.2108	0.2159
42	0.2106	0.2119
43	0.2091	0.2078
44	0.2084	0.2089
45	0.2073	0.2101
46	0.2065	0.2085
47	0.2058	0.2061
48	0.2053	0.2079
49	0.2057	0.2067
50	0.2050	0.2074
51	0.2054	0.2082
52	0.2032	0.2072
53	0.2039	0.2068
54	0.2030	0.2038
55	0.2026	0.2037
56	0.2004	0.2050
57	0.2000	0.2024
58	0.1996	0.2025
59	0.1990	0.2017
60	0.1997	0.2003
61	0.1979	0.1997
62	0.1970	0.2015
63	0.1969	0.1990
64	0.1967	0.2004
65	0.1969	0.2008
66	0.1954	0.1996
67	0.1948	0.1985
68	0.1943	0.1987
69	0.1946	0.1984
70	0.1941	0.1979
71	0.1938	0.1975
72	0.1944	0.1995
73	0.1928	0.1964
74	0.1923	0.1961
75	0.1917	0.1950
76	0.1920	0.1942
77	0.1906	0.1938
78	0.1909	0.1932
79	0.1909	0.1940
80	0.1901	0.1940
81	0.1891	0.1934
82	0.1886	0.1915
83	0.1879	0.1915
84	0.1879	0.1912
85	0.1867	0.1906
86	0.1860	0.1897
87	0.1853	0.1890
88	0.1851	0.1894
89	0.1850	0.1887
90	0.1847	0.1899
91	0.1839	0.1887
92	0.1842	0.1883
93	0.1825	0.1858
94	0.1830	0.1854
95	0.1825	0.1854
96	0.1820	0.1851
97	0.1815	0.1846
98	0.1809	0.1842
99	0.1809	0.1850
100	0.1804	0.1856
101	0.1804	0.1833
102	0.1794	0.1837
103	0.1789	0.1826
104	0.1785	0.1819
105	0.1777	0.1807
106	0.1781	0.1811
107	0.1776	0.1818
108	0.1771	0.1816
109	0.1768	0.1814
110	0.1764	0.1792
111	0.1758	0.1790
112	0.1753	0.1791
113	0.1749	0.1779
114	0.1746	0.1776
115	0.1739	0.1783
116	0.1739	0.1787
117	0.1742	0.1784
118	0.1729	0.1771
119	0.1719	0.1766
120	0.1723	0.1778
121	0.1722	0.1744
122	0.1706	0.1751
123	0.1708	0.1755
124	0.1700	0.1741
125	0.1701	0.1747
126	0.1694	0.1745
127	0.1691	0.1731
128	0.1683	0.1738
129	0.1687	0.1740
130	0.1687	0.1724
131	0.1672	0.1719
132	0.1673	0.1728
133	0.1670	0.1714
134	0.1665	0.1704
135	0.1670	0.1703
136	0.1657	0.1688
137	0.1649	0.1690
138	0.1646	0.1691
139	0.1642	0.1687
140	0.1638	0.1685
141	0.1639	0.1678
142	0.1634	0.1683
143	0.1633	0.1688
144	0.1630	0.1671
145	0.1630	0.1674
146	0.1627	0.1674
147	0.1621	0.1670
148	0.1620	0.1664
149	0.1613	0.1643
150	0.1604	0.1644
151	0.1596	0.1641
152	0.1595	0.1634
153	0.1589	0.1635
154	0.1588	0.1633
155	0.1591	0.1627
156	0.1579	0.1626
157	0.1575	0.1623
158	0.1570	0.1614
159	0.1570	0.1603
160	0.1566	0.1601
161	0.1561	0.1598
162	0.1560	0.1600
163	0.1555	0.1585
164	0.1551	0.1595
165	0.1549	0.1582
166	0.1546	0.1578
167	0.1537	0.1580
168	0.1538	0.1579
169	0.1528	0.1578
170	0.1526	0.1568
171	0.1522	0.1569
172	0.1521	0.1568
173	0.1512	0.1561
174	0.1510	0.1552
175	0.1506	0.1550
176	0.1501	0.1550
177	0.1499	0.1549
178	0.1495	0.1545
179	0.1493	0.1539
180	0.1490	0.1540
181	0.1487	0.1537
182	0.1482	0.1532
183	0.1477	0.1525
184	0.1473	0.1521
185	0.1468	0.1523
186	0.1467	0.1519
187	0.1463	0.1517
188	0.1460	0.1512
189	0.1457	0.1509
190	0.1453	0.1500
191	0.1449	0.1500
192	0.1446	0.1497
193	0.1444	0.1494
194	0.1442	0.1492
195	0.1436	0.1481
196	0.1432	0.1481
197	0.1428	0.1479
198	0.1426	0.1473
199	0.1422	0.1471
200	0.1418	0.1469
201	0.1415	0.1466
202	0.1413	0.1460
203	0.1409	0.1458
204	0.1403	0.1454
205	0.1400	0.1452
206	0.1399	0.1451
207	0.1396	0.1448
208	0.1393	0.1445
209	0.1388	0.1442
210	0.1383	0.1436
211	0.1380	0.1435
212	0.1377	0.1433
213	0.1373	0.1430
214	0.1370	0.1425
215	0.1365	0.1423
216	0.1362	0.1420
217	0.1359	0.1418
218	0.1355	0.1414
219	0.1353	0.1412
220	0.1349	0.1409
221	0.1346	0.1405
222	0.1343	0.1403
223	0.1339	0.1402
224	0.1336	0.1399
225	0.1332	0.1394
226	0.1329	0.1390
227	0.1325	0.1388
228	0.1321	0.1387
229	0.1318	0.1385
230	0.1314	0.1381
231	0.1311	0.1378
232	0.1306	0.1377
233	0.1303	0.1372
234	0.1299	0.1371
235	0.1295	0.1367
236	0.1293	0.1365
237	0.1289	0.1362
238	0.1285	0.1360
239	0.1281	0.1358
240	0.1278	0.1356
241	0.1275	0.1353
242	0.1272	0.1351
243	0.1269	0.1348
244	0.1265	0.1347
245	0.1262	0.1344
246	0.1258	0.1342
247	0.1255	0.1340
248	0.1252	0.1337
249	0.1248	0.1335
250	0.1245	0.1332
251	0.1242	0.1330
252	0.1239	0.1328
253	0.1236	0.1326
254	0.1232	0.1324
255	0.1229	0.1321
256	0.1225	0.1319
257	0.1221	0.1317
258	0.1217	0.1314
259	0.1214	0.1312
260	0.1210	0.1310
261	0.1207	0.1308
262	0.1203	0.1306
263	0.1200	0.1304
264	0.1196	0.1302
265	0.1193	0.1300
266	0.1189	0.1298
267	0.1186	0.1296
268	0.1182	0.1294
269	0.1178	0.1292
270	0.1174	0.1290
271	0.1171	0.1288
272	0.1167	0.1286
273	0.1164	0.1284
274	0.1160	0.1282
275	0.1157	0.1281
276	0.1153	0.1279
277	0.1150	0.1277
278	0.1146	0.1275
279	0.1143	0.1274
280	0.1139	0.1272
281	0.1135	0.1270
282	0.1132	0.1268
283	0.1128	0.1267
284	0.1124	0.1265
285	0.1121	0.1263
286	0.1117	0.1262
287	0.1114	0.1260
288	0.1110	0.1258
289	0.1107	0.1257
290	0.1103	0.1255
291	0.1100	0.1254
292	0.1096	0.1252
293	0.1093	0.1251
294	0.1090	0.1250
295	0.1086	0.1248
296	0.1083	0.1247
297	0.1080	0.1246
298	0.1077	0.1245
299	0.1075	0.1244
300	0.1072	0.1244
