1	0.0181	0.0188
2	0.0177	0.0175
3	0.0177	0.0175
4	0.0175	0.0176
5	0.0174	0.0174
6	0.0174	0.0171
7	0.0174	0.0172
8	0.0173	0.0174
9	0.0171	0.0172
10	0.0173	0.0175
11	0.0173	0.0173
12	0.0172	0.0171
13	0.0172	0.0172
14	0.0171	0.0169
15	0.0165	0.0166
16	0.0167	0.0169
17	0.0167	0.0166
18	0.0167	0.0166
19	0.0166	0.0169
20	0.0165	0.0164
21	0.0161	0.0160
22	0.0168	0.0167
23	0.0166	0.0166
24	0.0163	0.0159
25	0.0162	0.0171
26	0.0166	0.0159
27	0.0167	0.0164
28	0.0161	0.0165
29	0.0165	0.0158
30	0.0163	0.0159
31	0.0163	0.0157
32	0.0157	0.0155
33	0.0159	0.0156
34	0.0157	0.0164
35	0.0158	0.0161
36	0.0159	0.0158
37	0.0155	0.0155
38	0.0157	0.0153
39	0.0158	0.0162
40	0.0158	0.0149
41	0.0156	0.0149
42	0.0155	0.0151
43	0.0155	0.0155
44	0.0155	0.0154
45	0.0157	0.0152
46	0.0154	0.0151
47	0.0157	0.0153
48	0.0152	0.0157
49	0.0153	0.0150
50	0.0152	0.0149
51	0.0150	0.0147
52	0.0152	0.0160
53	0.0151	0.0153
54	0.0155	0.0160
55	0.0155	0.0150
56	0.0150	0.0169
57	0.0152	0.0157
58	0.0148	0.0146
59	0.0149	0.0147
60	0.0152	0.0153
61	0.0152	0.0152
62	0.0153	0.0156
63	0.0150	0.0149
64	0.0148	0.0155
65	0.0151	0.0154
66	0.0155	0.0157
67	0.0153	0.0151
68	0.0152	0.0153
69	0.0149	0.0144
70	0.0149	0.0150
71	0.0151	0.0147
72	0.0149	0.0150
73	0.0150	0.0152
74	0.0148	0.0142
75	0.0146	0.0151
76	0.0147	0.0156
77	0.0147	0.0149
78	0.0145	0.0148
79	0.0146	0.0153
80	0.0145	0.0146
81	0.0146	0.0145
82	0.0145	0.0145
83	0.0149	0.0146
84	0.0147	0.0151
85	0.0152	0.0147
86	0.0145	0.0161
87	0.0149	0.0142
88	0.0142	0.0142
89	0.0145	0.0141
90	0.0147	0.0157
91	0.0145	0.0145
92	0.0147	0.0146
93	0.0146	0.0145
94	0.0144	0.0140
95	0.0147	0.0159
96	0.0153	0.0148
97	0.0142	0.0145
98	0.0143	0.0139
99	0.0145	0.0141
100	0.0143	0.0142
101	0.0144	0.0144
102	0.0145	0.0146
103	0.0143	0.0144
104	0.0142	0.0142
105	0.0143	0.0160
106	0.0153	0.0145
107	0.0146	0.0148
108	0.0145	0.0146
109	0.0141	0.0143
110	0.0143	0.0151
111	0.0146	0.0149
112	0.0147	0.0142
113	0.0146	0.0143
114	0.0144	0.0148
115	0.0143	0.0145
116	0.0142	0.0140
117	0.0144	0.0142
118	0.0143	0.0139
119	0.0141	0.0144
120	0.0145	0.0150
121	0.0142	0.0144
122	0.0146	0.0139
123	0.0142	0.0146
124	0.0141	0.0139
125	0.0142	0.0144
126	0.0142	0.0144
127	0.0142	0.0151
128	0.0143	0.0140
129	0.0147	0.0144
130	0.0144	0.0142
131	0.0143	0.0145
132	0.0144	0.0144
133	0.0144	0.0141
134	0.0142	0.0149
135	0.0145	0.0140
136	0.0142	0.0139
137	0.0140	0.0142
138	0.0143	0.0140
139	0.0141	0.0142
140	0.0139	0.0138
141	0.0139	0.0139
142	0.0141	0.0152
143	0.0153	0.0146
144	0.0144	0.0146
145	0.0141	0.0142
146	0.0146	0.0148
147	0.0145	0.0148
148	0.0145	0.0150
149	0.0145	0.0151
150	0.0142	0.0142
151	0.0139	0.0145
152	0.0142	0.0141
153	0.0143	0.0146
154	0.0141	0.0141
155	0.0143	0.0146
156	0.0145	0.0147
157	0.0144	0.0141
158	0.0141	0.0143
159	0.0144	0.0146
160	0.0142	0.0144
161	0.0144	0.0139
162	0.0142	0.0146
163	0.0140	0.0141
164	0.0142	0.0142
165	0.0142	0.0148
166	0.0144	0.0145
167	0.0144	0.0146
168	0.0145	0.0151
169	0.0149	0.0149
170	0.0144	0.0141
171	0.0141	0.0141
172	0.0142	0.0144
173	0.0143	0.0142
174	0.0141	0.0140
175	0.0148	0.0142
176	0.0141	0.0143
177	0.0146	0.0145
178	0.0143	0.0150
179	0.0147	0.0142
180	0.0143	0.0145
181	0.0141	0.0146
182	0.0141	0.0141
183	0.0141	0.0148
184	0.0147	0.0142
185	0.0140	0.0138
186	0.0141	0.0139
187	0.0144	0.0151
188	0.0143	0.0138
189	0.0143	0.0145
190	0.0143	0.0137
191	0.0141	0.0137
192	0.0144	0.0143
193	0.0140	0.0143
194	0.0144	0.0146
195	0.0141	0.0141
196	0.0140	0.0142
197	0.0139	0.0138
198	0.0140	0.0141
199	0.0140	0.0140
200	0.0140	0.0138
201	0.0139	0.0139
202	0.0139	0.0139
203	0.0141	0.0141
204	0.0144	0.0144
205	0.0141	0.0139
206	0.0138	0.0144
207	0.0141	0.0141
208	0.0140	0.0142
209	0.0139	0.0141
210	0.0139	0.0139
211	0.0140	0.0143
212	0.0142	0.0139
213	0.0141	0.0139
214	0.0139	0.0138
215	0.0142	0.0140
216	0.0142	0.0138
217	0.0142	0.0146
218	0.0140	0.0139
219	0.0139	0.0140
220	0.0141	0.0151
221	0.0142	0.0145
222	0.0145	0.0140
223	0.0140	0.0145
224	0.0143	0.0142
225	0.0142	0.0144
226	0.0141	0.0145
227	0.0144	0.0146
228	0.0143	0.0147
229	0.0143	0.0139
230	0.0141	0.0143
231	0.0139	0.0141
232	0.0140	0.0138
233	0.0142	0.0143
234	0.0140	0.0144
235	0.0140	0.0143
236	0.0139	0.0140
237	0.0140	0.0149
238	0.0141	0.0148
239	0.0141	0.0137
240	0.0138	0.0138
241	0.0140	0.0137
242	0.0139	0.0139
243	0.0139	0.0141
244	0.0140	0.0151
245	0.0140	0.0138
246	0.0138	0.0140
247	0.0139	0.0138
248	0.0139	0.0139
249	0.0139	0.0148
250	0.0141	0.0144
251	0.0139	0.0138
252	0.0141	0.0140
253	0.0141	0.0144
254	0.0141	0.0141
255	0.0146	0.0144
256	0.0145	0.0141
257	0.0139	0.0148
258	0.0142	0.0138
259	0.0140	0.0141
260	0.0141	0.0138
261	0.0141	0.0139
262	0.0139	0.0138
263	0.0141	0.0144
264	0.0142	0.0141
265	0.0141	0.0144
266	0.0140	0.0139
267	0.0138	0.0146
268	0.0143	0.0141
269	0.0140	0.0141
270	0.0145	0.0147
271	0.0139	0.0137
272	0.0140	0.0139
273	0.0142	0.0147
274	0.0142	0.0137
275	0.0139	0.0138
276	0.0138	0.0143
277	0.0138	0.0141
278	0.0141	0.0141
279	0.0139	0.0139
280	0.0143	0.0148
281	0.0140	0.0138
282	0.0140	0.0138
283	0.0138	0.0138
284	0.0143	0.0141
285	0.0153	0.0146
286	0.0141	0.0140
287	0.0139	0.0142
288	0.0141	0.0141
289	0.0143	0.0141
290	0.0139	0.0141
291	0.0142	0.0139
292	0.0140	0.0140
293	0.0138	0.0137
294	0.0137	0.0137
295	0.0140	0.0149
296	0.0144	0.0142
297	0.0140	0.0139
298	0.0138	0.0138
299	0.0140	0.0139
300	0.0140	0.0143
301	0.0141	0.0142
302	0.0139	0.0138
303	0.0138	0.0138
304	0.0137	0.0139
305	0.0142	0.0140
306	0.0139	0.0141
307	0.0138	0.0139
308	0.0139	0.0159
309	0.0147	0.0139
310	0.0138	0.0137
311	0.0141	0.0138
312	0.0142	0.0139
313	0.0141	0.0141
314	0.0139	0.0139
315	0.0141	0.0140
316	0.0142	0.0141
317	0.0141	0.0140
318	0.0143	0.0147
319	0.0144	0.0150
320	0.0146	0.0147
321	0.0142	0.0141
322	0.0143	0.0146
323	0.0141	0.0138
324	0.0141	0.0139
325	0.0139	0.0141
326	0.0141	0.0142
327	0.0140	0.0138
328	0.0139	0.0138
329	0.0140	0.0140
330	0.0141	0.0146
331	0.0141	0.0137
332	0.0138	0.0138
333	0.0140	0.0139
334	0.0139	0.0140
335	0.0140	0.0137
336	0.0140	0.0139
337	0.0139	0.0139
338	0.0141	0.0138
339	0.0139	0.0138
340	0.0138	0.0139
341	0.0138	0.0136
342	0.0139	0.0142
343	0.0141	0.0136
344	0.0140	0.0143
345	0.0141	0.0142
346	0.0142	0.0139
347	0.0138	0.0152
348	0.0144	0.0141
349	0.0139	0.0141
350	0.0141	0.0140
351	0.0139	0.0142
352	0.0139	0.0139
353	0.0141	0.0142
354	0.0138	0.0139
355	0.0140	0.0138
356	0.0138	0.0138
357	0.0138	0.0138
358	0.0142	0.0143
359	0.0141	0.0138
360	0.0138	0.0142
361	0.0139	0.0140
362	0.0139	0.0142
363	0.0140	0.0142
364	0.0140	0.0140
365	0.0139	0.0138
366	0.0139	0.0139
367	0.0140	0.0140
368	0.0142	0.0142
369	0.0140	0.0140
370	0.0139	0.0139
371	0.0139	0.0139
372	0.0142	0.0146
373	0.0142	0.0143
374	0.0140	0.0141
375	0.0140	0.0138
376	0.0140	0.0142
377	0.0141	0.0139
378	0.0140	0.0138
379	0.0140	0.0144
380	0.0140	0.0139
381	0.0139	0.0138
382	0.0138	0.0140
383	0.0142	0.0142
384	0.0139	0.0139
385	0.0137	0.0138
386	0.0139	0.0139
387	0.0140	0.0139
388	0.0138	0.0139
389	0.0140	0.0139
390	0.0140	0.0137
391	0.0139	0.0142
392	0.0141	0.0140
393	0.0139	0.0138
394	0.0139	0.0141
395	0.0138	0.0137
396	0.0137	0.0137
397	0.0143	0.0144
398	0.0143	0.0146
399	0.0141	0.0142
400	0.0143	0.0142
401	0.0138	0.0137
402	0.0139	0.0142
403	0.0144	0.0140
404	0.0139	0.0140
405	0.0139	0.0138
406	0.0139	0.0138
407	0.0137	0.0140
408	0.0141	0.0140
409	0.0142	0.0141
410	0.0139	0.0140
411	0.0137	0.0136
412	0.0137	0.0138
413	0.0137	0.0140
414	0.0143	0.0144
415	0.0139	0.0138
416	0.0139	0.0141
417	0.0140	0.0144
418	0.0139	0.0138
419	0.0139	0.0139
420	0.0139	0.0143
421	0.0143	0.0148
422	0.0141	0.0140
423	0.0138	0.0141
424	0.0139	0.0141
425	0.0139	0.0138
426	0.0139	0.0143
427	0.0142	0.0151
428	0.0144	0.0142
429	0.0140	0.0140
430	0.0140	0.0142
431	0.0138	0.0139
432	0.0141	0.0141
433	0.0139	0.0138
434	0.0138	0.0139
435	0.0140	0.0143
436	0.0141	0.0140
437	0.0138	0.0138
438	0.0139	0.0139
439	0.0140	0.0141
440	0.0137	0.0138
441	0.0137	0.0138
442	0.0138	0.0140
443	0.0141	0.0142
444	0.0140	0.0140
445	0.0140	0.0139
446	0.0138	0.0138
447	0.0139	0.0137
448	0.0142	0.0142
449	0.0138	0.0148
450	0.0140	0.0141
451	0.0139	0.0138
452	0.0138	0.0142
453	0.0138	0.0138
454	0.0139	0.0138
455	0.0140	0.0142
456	0.0147	0.0149
457	0.0141	0.0142
458	0.0138	0.0139
459	0.0139	0.0142
460	0.0139	0.0141
461	0.0140	0.0140
462	0.0138	0.0141
463	0.0139	0.0137
464	0.0140	0.0142
465	0.0139	0.0137
466	0.0139	0.0140
467	0.0140	0.0137
468	0.0143	0.0145
469	0.0145	0.0147
470	0.0144	0.0139
471	0.0140	0.0145
472	0.0142	0.0142
473	0.0139	0.0138
474	0.0139	0.0143
475	0.0141	0.0140
476	0.0138	0.0140
477	0.0141	0.0141
478	0.0142	0.0143
479	0.0141	0.0146
480	0.0144	0.0141
481	0.0144	0.0146
482	0.0145	0.0145
483	0.0140	0.0152
484	0.0145	0.0146
485	0.0141	0.0137
486	0.0139	0.0141
487	0.0141	0.0143
488	0.0140	0.0138
489	0.0137	0.0138
490	0.0138	0.0138
491	0.0140	0.0141
492	0.0138	0.0140
493	0.0138	0.0137
494	0.0139	0.0139
495	0.0138	0.0146
496	0.0141	0.0138
497	0.0138	0.0137
498	0.0138	0.0141
499	0.0137	0.0137
500	0.0138	0.0140
501	0.0138	0.0138
502	0.0140	0.0140
503	0.0138	0.0138
504	0.0137	0.0141
505	0.0140	0.0139
506	0.0140	0.0142
507	0.0141	0.0144
508	0.0143	0.0141
509	0.0143	0.0141
510	0.0141	0.0139
511	0.0137	0.0143
512	0.0141	0.0146
513	0.0145	0.0141
514	0.0141	0.0145
515	0.0142	0.0137
516	0.0138	0.0138
517	0.0139	0.0147
518	0.0146	0.0147
519	0.0142	0.0144
520	0.0142	0.0142
521	0.0139	0.0138
522	0.0137	0.0137
523	0.0136	0.0138
524	0.0136	0.0138
525	0.0136	0.0140
526	0.0140	0.0137
527	0.0138	0.0141
528	0.0138	0.0143
529	0.0139	0.0138
530	0.0137	0.0138
531	0.0138	0.0140
532	0.0138	0.0140
533	0.0138	0.0138
534	0.0141	0.0149
535	0.0144	0.0140
536	0.0139	0.0137
537	0.0138	0.0136
538	0.0138	0.0138
539	0.0138	0.0140
540	0.0140	0.0144
541	0.0142	0.0139
542	0.0143	0.0149
543	0.0140	0.0138
544	0.0141	0.0149
545	0.0145	0.0144
546	0.0139	0.0138
547	0.0139	0.0141
548	0.0139	0.0138
549	0.0138	0.0137
550	0.0136	0.0137
551	0.0136	0.0136
552	0.0141	0.0141
553	0.0140	0.0142
554	0.0140	0.0142
555	0.0137	0.0137
556	0.0138	0.0139
557	0.0138	0.0137
558	0.0137	0.0137
559	0.0137	0.0137
560	0.0138	0.0137
561	0.0137	0.0138
562	0.0140	0.0140
563	0.0140	0.0139
564	0.0138	0.0138
565	0.0141	0.0144
566	0.0142	0.0142
567	0.0138	0.0137
568	0.0141	0.0137
569	0.0137	0.0137
570	0.0138	0.0138
571	0.0144	0.0143
572	0.0144	0.0138
573	0.0137	0.0141
574	0.0141	0.0140
575	0.0139	0.0138
576	0.0137	0.0139
577	0.0140	0.0143
578	0.0139	0.0142
579	0.0144	0.0149
580	0.0143	0.0145
581	0.0141	0.0140
582	0.0141	0.0144
583	0.0140	0.0137
584	0.0137	0.0140
585	0.0139	0.0141
586	0.0139	0.0138
587	0.0137	0.0139
588	0.0139	0.0142
589	0.0146	0.0146
590	0.0143	0.0142
591	0.0139	0.0138
592	0.0141	0.0138
593	0.0144	0.0143
594	0.0142	0.0140
595	0.0142	0.0148
596	0.0142	0.0140
597	0.0139	0.0138
598	0.0139	0.0142
599	0.0142	0.0143
600	0.0140	0.0141
601	0.0140	0.0144
602	0.0139	0.0137
603	0.0137	0.0137
604	0.0139	0.0146
605	0.0139	0.0138
606	0.0138	0.0143
607	0.0144	0.0146
608	0.0146	0.0141
609	0.0138	0.0137
610	0.0137	0.0137
611	0.0138	0.0141
612	0.0141	0.0142
613	0.0139	0.0138
614	0.0137	0.0139
615	0.0143	0.0144
616	0.0139	0.0140
617	0.0139	0.0140
618	0.0141	0.0142
619	0.0137	0.0141
620	0.0139	0.0139
621	0.0140	0.0137
622	0.0140	0.0142
623	0.0144	0.0146
624	0.0141	0.0138
625	0.0138	0.0137
626	0.0140	0.0140
627	0.0139	0.0137
628	0.0136	0.0137
629	0.0138	0.0150
630	0.0143	0.0143
631	0.0140	0.0139
632	0.0138	0.0137
633	0.0139	0.0138
634	0.0137	0.0142
635	0.0140	0.0137
636	0.0137	0.0136
637	0.0138	0.0138
638	0.0139	0.0141
639	0.0138	0.0138
640	0.0141	0.0143
641	0.0139	0.0139
642	0.0138	0.0137
643	0.0139	0.0139
644	0.0141	0.0140
645	0.0139	0.0139
646	0.0139	0.0136
647	0.0138	0.0139
648	0.0138	0.0138
649	0.0137	0.0139
650	0.0136	0.0143
651	0.0137	0.0137
652	0.0136	0.0140
653	0.0138	0.0141
654	0.0137	0.0140
655	0.0139	0.0141
656	0.0139	0.0142
657	0.0139	0.0140
658	0.0137	0.0137
659	0.0137	0.0137
660	0.0133	0.0138
661	0.0133	0.0131
662	0.0133	0.0139
663	0.0135	0.0130
664	0.0133	0.0132
665	0.0136	0.0139
666	0.0137	0.0136
667	0.0135	0.0133
668	0.0134	0.0136
669	0.0138	0.0138
670	0.0132	0.0129
671	0.0134	0.0136
672	0.0134	0.0129
673	0.0132	0.0131
674	0.0135	0.0131
675	0.0131	0.0132
676	0.0133	0.0130
677	0.0135	0.0137
678	0.0135	0.0133
679	0.0130	0.0130
680	0.0129	0.0129
681	0.0129	0.0131
682	0.0130	0.0129
683	0.0130	0.0129
684	0.0130	0.0128
685	0.0130	0.0139
686	0.0136	0.0138
687	0.0137	0.0137
688	0.0137	0.0140
689	0.0136	0.0136
690	0.0136	0.0137
691	0.0138	0.0135
692	0.0136	0.0137
693	0.0135	0.0138
694	0.0135	0.0135
695	0.0135	0.0137
696	0.0136	0.0134
697	0.0135	0.0137
698	0.0135	0.0138
699	0.0136	0.0134
700	0.0133	0.0134
701	0.0132	0.0136
702	0.0134	0.0129
703	0.0129	0.0135
704	0.0131	0.0134
705	0.0133	0.0132
706	0.0134	0.0132
707	0.0133	0.0136
708	0.0135	0.0135
709	0.0133	0.0131
710	0.0136	0.0131
711	0.0135	0.0141
712	0.0136	0.0131
713	0.0131	0.0131
714	0.0130	0.0131
715	0.0133	0.0134
716	0.0132	0.0132
717	0.0132	0.0131
718	0.0129	0.0130
719	0.0133	0.0140
720	0.0140	0.0141
721	0.0143	0.0137
722	0.0138	0.0128
723	0.0132	0.0136
724	0.0133	0.0133
725	0.0133	0.0130
726	0.0135	0.0134
727	0.0131	0.0133
728	0.0132	0.0131
729	0.0130	0.0133
730	0.0130	0.0134
731	0.0130	0.0131
732	0.0135	0.0136
733	0.0134	0.0139
734	0.0134	0.0131
735	0.0130	0.0129
736	0.0132	0.0134
737	0.0133	0.0135
738	0.0134	0.0135
739	0.0135	0.0131
740	0.0136	0.0139
741	0.0138	0.0138
742	0.0136	0.0137
743	0.0137	0.0136
744	0.0136	0.0138
745	0.0137	0.0138
746	0.0138	0.0141
747	0.0139	0.0135
748	0.0135	0.0135
749	0.0134	0.0135
750	0.0137	0.0142
751	0.0137	0.0135
752	0.0137	0.0139
753	0.0137	0.0140
754	0.0136	0.0137
755	0.0135	0.0135
756	0.0136	0.0136
757	0.0136	0.0135
758	0.0135	0.0135
759	0.0135	0.0136
760	0.0135	0.0134
761	0.0134	0.0140
762	0.0138	0.0136
763	0.0133	0.0134
764	0.0135	0.0135
765	0.0134	0.0134
766	0.0137	0.0135
767	0.0136	0.0137
768	0.0136	0.0137
769	0.0136	0.0135
770	0.0139	0.0136
771	0.0136	0.0138
772	0.0136	0.0136
773	0.0136	0.0134
774	0.0135	0.0146
775	0.0142	0.0143
776	0.0140	0.0137
777	0.0138	0.0140
778	0.0135	0.0135
779	0.0134	0.0136
780	0.0134	0.0136
781	0.0140	0.0139
782	0.0138	0.0136
783	0.0140	0.0140
784	0.0135	0.0134
785	0.0136	0.0134
786	0.0134	0.0134
787	0.0133	0.0134
788	0.0134	0.0140
789	0.0139	0.0133
790	0.0138	0.0139
791	0.0142	0.0137
792	0.0137	0.0136
793	0.0135	0.0136
794	0.0136	0.0136
795	0.0135	0.0135
796	0.0136	0.0134
797	0.0133	0.0134
798	0.0134	0.0135
799	0.0133	0.0134
800	0.0134	0.0136
801	0.0136	0.0134
802	0.0134	0.0135
803	0.0134	0.0134
804	0.0136	0.0140
805	0.0137	0.0137
806	0.0135	0.0135
807	0.0134	0.0134
808	0.0134	0.0134
809	0.0138	0.0135
810	0.0139	0.0138
811	0.0138	0.0138
812	0.0135	0.0135
813	0.0134	0.0134
814	0.0136	0.0137
815	0.0141	0.0142
816	0.0137	0.0137
817	0.0134	0.0135
818	0.0135	0.0135
819	0.0135	0.0141
820	0.0138	0.0136
821	0.0134	0.0135
822	0.0134	0.0135
823	0.0133	0.0135
824	0.0134	0.0135
825	0.0134	0.0134
826	0.0134	0.0135
827	0.0136	0.0138
828	0.0135	0.0134
829	0.0133	0.0134
830	0.0135	0.0136
831	0.0135	0.0135
832	0.0133	0.0135
833	0.0133	0.0134
834	0.0134	0.0136
835	0.0137	0.0141
836	0.0135	0.0134
837	0.0133	0.0134
838	0.0135	0.0141
839	0.0136	0.0134
840	0.0134	0.0135
841	0.0136	0.0136
842	0.0137	0.0140
843	0.0139	0.0134
844	0.0136	0.0136
845	0.0136	0.0135
846	0.0138	0.0136
847	0.0139	0.0137
848	0.0138	0.0140
849	0.0136	0.0136
850	0.0136	0.0138
851	0.0138	0.0136
852	0.0137	0.0138
853	0.0135	0.0134
854	0.0135	0.0134
855	0.0133	0.0134
856	0.0134	0.0137
857	0.0141	0.0148
858	0.0137	0.0137
859	0.0133	0.0130
860	0.0130	0.0141
861	0.0136	0.0136
862	0.0134	0.0135
863	0.0134	0.0133
864	0.0132	0.0136
865	0.0131	0.0128
866	0.0129	0.0130
867	0.0128	0.0128
868	0.0129	0.0132
869	0.0130	0.0129
870	0.0130	0.0129
871	0.0133	0.0138
872	0.0135	0.0130
873	0.0131	0.0129
874	0.0135	0.0137
875	0.0133	0.0127
876	0.0128	0.0132
877	0.0131	0.0130
878	0.0128	0.0127
879	0.0132	0.0133
880	0.0129	0.0131
881	0.0130	0.0129
882	0.0129	0.0132
883	0.0130	0.0129
884	0.0128	0.0127
885	0.0130	0.0129
886	0.0131	0.0133
887	0.0132	0.0130
888	0.0131	0.0133
889	0.0136	0.0133
890	0.0134	0.0137
891	0.0135	0.0134
892	0.0130	0.0129
893	0.0131	0.0134
894	0.0134	0.0131
895	0.0132	0.0134
896	0.0130	0.0133
897	0.0130	0.0130
898	0.0130	0.0131
899	0.0128	0.0129
900	0.0128	0.0131
901	0.0130	0.0128
902	0.0129	0.0130
903	0.0131	0.0132
904	0.0135	0.0128
905	0.0129	0.0128
906	0.0128	0.0127
907	0.0126	0.0127
908	0.0129	0.0128
909	0.0132	0.0128
910	0.0132	0.0131
911	0.0131	0.0134
912	0.0129	0.0132
913	0.0134	0.0133
914	0.0131	0.0130
915	0.0132	0.0130
916	0.0130	0.0137
917	0.0132	0.0133
918	0.0129	0.0133
919	0.0131	0.0135
920	0.0130	0.0132
921	0.0129	0.0130
922	0.0130	0.0129
923	0.0131	0.0130
924	0.0127	0.0129
925	0.0131	0.0133
926	0.0131	0.0129
927	0.0131	0.0136
928	0.0134	0.0132
929	0.0127	0.0125
930	0.0127	0.0135
931	0.0128	0.0129
932	0.0128	0.0126
933	0.0126	0.0132
934	0.0130	0.0134
935	0.0129	0.0127
936	0.0132	0.0133
937	0.0133	0.0128
938	0.0128	0.0132
939	0.0129	0.0129
940	0.0127	0.0132
941	0.0127	0.0132
942	0.0130	0.0131
943	0.0128	0.0127
944	0.0130	0.0129
945	0.0136	0.0132
946	0.0131	0.0130
947	0.0137	0.0145
948	0.0136	0.0139
949	0.0134	0.0135
950	0.0133	0.0135
951	0.0133	0.0134
952	0.0133	0.0135
953	0.0134	0.0136
954	0.0136	0.0137
955	0.0139	0.0143
956	0.0137	0.0139
957	0.0135	0.0135
958	0.0134	0.0135
959	0.0136	0.0136
960	0.0136	0.0138
961	0.0136	0.0136
962	0.0137	0.0145
963	0.0143	0.0141
964	0.0141	0.0138
965	0.0142	0.0141
966	0.0137	0.0135
967	0.0133	0.0133
968	0.0138	0.0137
969	0.0136	0.0135
970	0.0133	0.0135
971	0.0136	0.0139
972	0.0134	0.0135
973	0.0135	0.0135
974	0.0134	0.0135
975	0.0134	0.0137
976	0.0136	0.0135
977	0.0136	0.0135
978	0.0137	0.0139
979	0.0138	0.0136
980	0.0135	0.0135
981	0.0134	0.0136
982	0.0131	0.0132
983	0.0131	0.0134
984	0.0131	0.0132
985	0.0130	0.0132
986	0.0133	0.0134
987	0.0130	0.0126
988	0.0135	0.0139
989	0.0138	0.0137
990	0.0135	0.0141
991	0.0141	0.0140
992	0.0139	0.0137
993	0.0135	0.0135
994	0.0133	0.0134
995	0.0133	0.0135
996	0.0136	0.0135
997	0.0133	0.0134
998	0.0138	0.0140
999	0.0136	0.0139
1000	0.0138	0.0139
1001	0.0135	0.0134
1002	0.0133	0.0134
1003	0.0133	0.0134
1004	0.0134	0.0136
1005	0.0134	0.0135
1006	0.0133	0.0134
1007	0.0134	0.0135
1008	0.0135	0.0134
1009	0.0134	0.0134
1010	0.0134	0.0135
1011	0.0134	0.0135
1012	0.0134	0.0135
1013	0.0136	0.0135
1014	0.0134	0.0135
1015	0.0134	0.0135
1016	0.0138	0.0142
1017	0.0139	0.0138
1018	0.0134	0.0134
1019	0.0134	0.0135
1020	0.0133	0.0141
1021	0.0137	0.0136
1022	0.0134	0.0135
1023	0.0135	0.0137
1024	0.0136	0.0136
1025	0.0135	0.0135
1026	0.0133	0.0134
1027	0.0134	0.0135
1028	0.0134	0.0134
1029	0.0135	0.0135
1030	0.0134	0.0134
1031	0.0133	0.0133
1032	0.0134	0.0135
1033	0.0136	0.0136
1034	0.0136	0.0136
1035	0.0133	0.0133
1036	0.0132	0.0135
1037	0.0134	0.0134
1038	0.0133	0.0134
1039	0.0135	0.0134
1040	0.0134	0.0135
1041	0.0133	0.0134
1042	0.0133	0.0133
1043	0.0132	0.0134
1044	0.0133	0.0136
1045	0.0135	0.0135
1046	0.0136	0.0136
1047	0.0135	0.0133
1048	0.0132	0.0133
1049	0.0133	0.0134
1050	0.0133	0.0134
1051	0.0136	0.0138
1052	0.0138	0.0136
1053	0.0135	0.0134
1054	0.0133	0.0136
1055	0.0134	0.0135
1056	0.0134	0.0135
1057	0.0134	0.0136
1058	0.0138	0.0137
1059	0.0137	0.0136
1060	0.0134	0.0136
1061	0.0138	0.0138
1062	0.0132	0.0135
1063	0.0132	0.0131
1064	0.0128	0.0129
1065	0.0133	0.0136
1066	0.0132	0.0133
1067	0.0132	0.0132
1068	0.0134	0.0136
1069	0.0134	0.0132
1070	0.0130	0.0127
1071	0.0128	0.0127
1072	0.0130	0.0127
1073	0.0131	0.0136
1074	0.0131	0.0126
1075	0.0130	0.0130
1076	0.0133	0.0132
1077	0.0132	0.0134
1078	0.0135	0.0134
1079	0.0133	0.0135
1080	0.0133	0.0134
1081	0.0135	0.0135
1082	0.0135	0.0135
1083	0.0133	0.0135
1084	0.0135	0.0138
1085	0.0136	0.0136
1086	0.0134	0.0135
1087	0.0134	0.0136
1088	0.0134	0.0134
1089	0.0134	0.0134
1090	0.0134	0.0135
1091	0.0133	0.0133
1092	0.0134	0.0136
1093	0.0136	0.0138
1094	0.0135	0.0136
1095	0.0134	0.0134
1096	0.0133	0.0133
1097	0.0132	0.0133
1098	0.0132	0.0136
1099	0.0134	0.0134
1100	0.0135	0.0134
1101	0.0134	0.0135
1102	0.0134	0.0135
1103	0.0134	0.0134
1104	0.0133	0.0131
1105	0.0134	0.0139
1106	0.0135	0.0132
1107	0.0134	0.0135
1108	0.0134	0.0134
1109	0.0133	0.0132
1110	0.0132	0.0133
1111	0.0134	0.0134
1112	0.0133	0.0134
1113	0.0133	0.0134
1114	0.0134	0.0137
1115	0.0137	0.0136
1116	0.0133	0.0134
1117	0.0133	0.0133
1118	0.0133	0.0134
1119	0.0133	0.0133
1120	0.0133	0.0136
1121	0.0134	0.0134
1122	0.0134	0.0135
1123	0.0133	0.0135
1124	0.0135	0.0134
1125	0.0135	0.0141
1126	0.0137	0.0137
1127	0.0135	0.0137
1128	0.0135	0.0134
1129	0.0133	0.0137
1130	0.0134	0.0132
1131	0.0136	0.0135
1132	0.0135	0.0135
1133	0.0135	0.0136
1134	0.0135	0.0135
1135	0.0136	0.0135
1136	0.0133	0.0133
1137	0.0134	0.0135
1138	0.0137	0.0136
1139	0.0138	0.0138
1140	0.0136	0.0135
1141	0.0133	0.0133
1142	0.0132	0.0133
1143	0.0133	0.0136
1144	0.0135	0.0135
1145	0.0134	0.0133
1146	0.0136	0.0139
1147	0.0134	0.0133
1148	0.0132	0.0135
1149	0.0138	0.0139
1150	0.0137	0.0135
1151	0.0134	0.0133
1152	0.0132	0.0134
1153	0.0133	0.0135
1154	0.0133	0.0134
1155	0.0134	0.0134
1156	0.0136	0.0136
1157	0.0135	0.0135
1158	0.0138	0.0139
1159	0.0139	0.0142
1160	0.0140	0.0137
1161	0.0137	0.0137
1162	0.0138	0.0140
1163	0.0137	0.0137
1164	0.0134	0.0134
1165	0.0133	0.0135
1166	0.0133	0.0134
1167	0.0134	0.0139
1168	0.0135	0.0134
1169	0.0135	0.0135
1170	0.0133	0.0133
1171	0.0130	0.0129
1172	0.0129	0.0128
1173	0.0128	0.0129
1174	0.0129	0.0133
1175	0.0130	0.0131
1176	0.0130	0.0130
1177	0.0131	0.0129
1178	0.0134	0.0134
1179	0.0132	0.0132
1180	0.0128	0.0126
1181	0.0130	0.0128
1182	0.0129	0.0133
1183	0.0130	0.0129
1184	0.0129	0.0129
1185	0.0128	0.0126
1186	0.0128	0.0134
1187	0.0130	0.0129
1188	0.0130	0.0131
1189	0.0131	0.0131
1190	0.0128	0.0130
1191	0.0130	0.0130
1192	0.0128	0.0128
1193	0.0128	0.0127
1194	0.0128	0.0132
1195	0.0131	0.0130
1196	0.0131	0.0126
1197	0.0128	0.0139
1198	0.0131	0.0127
1199	0.0128	0.0130
1200	0.0128	0.0128
1201	0.0126	0.0128
1202	0.0128	0.0131
1203	0.0128	0.0125
1204	0.0126	0.0126
1205	0.0126	0.0128
1206	0.0128	0.0128
1207	0.0126	0.0129
1208	0.0129	0.0132
1209	0.0128	0.0130
1210	0.0131	0.0131
1211	0.0130	0.0128
1212	0.0131	0.0133
1213	0.0131	0.0134
1214	0.0129	0.0126
1215	0.0126	0.0126
1216	0.0127	0.0126
1217	0.0128	0.0129
1218	0.0127	0.0128
1219	0.0129	0.0135
1220	0.0133	0.0133
1221	0.0132	0.0129
1222	0.0134	0.0135
1223	0.0131	0.0129
1224	0.0129	0.0132
1225	0.0131	0.0132
1226	0.0136	0.0141
1227	0.0135	0.0132
1228	0.0128	0.0128
1229	0.0128	0.0128
1230	0.0128	0.0133
1231	0.0129	0.0126
1232	0.0125	0.0126
1233	0.0125	0.0127
1234	0.0128	0.0129
1235	0.0126	0.0130
1236	0.0130	0.0131
1237	0.0130	0.0129
1238	0.0128	0.0124
1239	0.0126	0.0128
1240	0.0124	0.0125
1241	0.0125	0.0125
1242	0.0125	0.0127
1243	0.0128	0.0130
1244	0.0134	0.0132
1245	0.0132	0.0133
1246	0.0129	0.0128
1247	0.0127	0.0124
1248	0.0126	0.0126
1249	0.0128	0.0127
1250	0.0125	0.0124
1251	0.0126	0.0129
1252	0.0125	0.0125
1253	0.0125	0.0126
1254	0.0126	0.0130
1255	0.0127	0.0128
1256	0.0129	0.0131
1257	0.0132	0.0133
1258	0.0128	0.0130
1259	0.0128	0.0131
1260	0.0130	0.0133
1261	0.0129	0.0127
1262	0.0125	0.0124
1263	0.0127	0.0127
1264	0.0128	0.0130
1265	0.0125	0.0126
1266	0.0126	0.0127
1267	0.0125	0.0125
1268	0.0128	0.0135
1269	0.0130	0.0131
1270	0.0131	0.0130
1271	0.0130	0.0124
1272	0.0126	0.0130
1273	0.0128	0.0128
1274	0.0135	0.0140
1275	0.0135	0.0133
1276	0.0128	0.0133
1277	0.0126	0.0126
1278	0.0125	0.0125
1279	0.0127	0.0129
1280	0.0125	0.0131
1281	0.0127	0.0126
1282	0.0127	0.0127
1283	0.0127	0.0128
1284	0.0126	0.0129
1285	0.0133	0.0134
1286	0.0130	0.0128
1287	0.0131	0.0132
1288	0.0130	0.0127
1289	0.0133	0.0136
1290	0.0130	0.0131
1291	0.0129	0.0131
1292	0.0128	0.0136
1293	0.0134	0.0132
1294	0.0129	0.0129
1295	0.0130	0.0129
1296	0.0127	0.0129
1297	0.0128	0.0127
1298	0.0132	0.0130
1299	0.0131	0.0128
1300	0.0129	0.0131
1301	0.0133	0.0143
1302	0.0137	0.0138
1303	0.0131	0.0133
1304	0.0130	0.0130
1305	0.0128	0.0127
1306	0.0127	0.0129
1307	0.0128	0.0130
1308	0.0131	0.0133
1309	0.0133	0.0134
1310	0.0133	0.0135
1311	0.0134	0.0136
1312	0.0134	0.0134
1313	0.0130	0.0130
1314	0.0130	0.0128
1315	0.0128	0.0126
1316	0.0127	0.0130
1317	0.0126	0.0127
1318	0.0131	0.0134
1319	0.0136	0.0140
1320	0.0136	0.0138
1321	0.0137	0.0134
1322	0.0130	0.0132
1323	0.0130	0.0132
1324	0.0129	0.0132
1325	0.0127	0.0127
1326	0.0127	0.0130
1327	0.0129	0.0135
1328	0.0127	0.0132
1329	0.0129	0.0129
1330	0.0132	0.0142
1331	0.0136	0.0136
1332	0.0136	0.0138
1333	0.0136	0.0136
1334	0.0133	0.0132
1335	0.0131	0.0131
1336	0.0128	0.0125
1337	0.0127	0.0129
1338	0.0125	0.0126
1339	0.0126	0.0125
1340	0.0127	0.0131
1341	0.0127	0.0128
1342	0.0134	0.0136
1343	0.0136	0.0136
1344	0.0133	0.0129
1345	0.0132	0.0133
1346	0.0130	0.0132
1347	0.0129	0.0130
1348	0.0126	0.0127
1349	0.0125	0.0125
1350	0.0127	0.0126
1351	0.0126	0.0126
1352	0.0128	0.0134
1353	0.0128	0.0127
1354	0.0128	0.0128
1355	0.0128	0.0128
1356	0.0127	0.0128
1357	0.0128	0.0130
1358	0.0127	0.0127
1359	0.0126	0.0129
1360	0.0131	0.0134
1361	0.0132	0.0129
1362	0.0130	0.0127
1363	0.0126	0.0128
1364	0.0125	0.0128
1365	0.0126	0.0128
1366	0.0126	0.0127
1367	0.0127	0.0131
1368	0.0127	0.0129
1369	0.0129	0.0132
1370	0.0126	0.0125
1371	0.0125	0.0128
1372	0.0125	0.0127
1373	0.0127	0.0126
1374	0.0128	0.0128
1375	0.0128	0.0127
1376	0.0131	0.0129
1377	0.0127	0.0130
1378	0.0127	0.0127
1379	0.0126	0.0128
1380	0.0127	0.0124
1381	0.0125	0.0127
1382	0.0125	0.0126
1383	0.0126	0.0124
1384	0.0128	0.0126
1385	0.0125	0.0127
1386	0.0128	0.0130
1387	0.0127	0.0126
1388	0.0130	0.0133
1389	0.0133	0.0132
1390	0.0130	0.0130
1391	0.0126	0.0126
1392	0.0125	0.0126
1393	0.0127	0.0127
1394	0.0129	0.0132
1395	0.0130	0.0129
1396	0.0130	0.0128
1397	0.0129	0.0130
1398	0.0127	0.0125
1399	0.0126	0.0126
1400	0.0127	0.0130
1401	0.0128	0.0134
1402	0.0127	0.0126
1403	0.0125	0.0126
1404	0.0125	0.0125
1405	0.0125	0.0126
1406	0.0127	0.0132
1407	0.0133	0.0132
1408	0.0126	0.0132
1409	0.0131	0.0133
1410	0.0130	0.0131
1411	0.0126	0.0127
1412	0.0125	0.0125
1413	0.0124	0.0125
1414	0.0126	0.0128
1415	0.0125	0.0130
1416	0.0127	0.0124
1417	0.0127	0.0128
1418	0.0129	0.0132
1419	0.0131	0.0132
1420	0.0128	0.0128
1421	0.0129	0.0131
1422	0.0130	0.0128
1423	0.0127	0.0127
1424	0.0126	0.0124
1425	0.0123	0.0123
1426	0.0126	0.0128
1427	0.0127	0.0128
1428	0.0127	0.0124
1429	0.0123	0.0126
1430	0.0127	0.0127
1431	0.0128	0.0126
1432	0.0126	0.0130
1433	0.0129	0.0139
1434	0.0137	0.0131
1435	0.0126	0.0124
1436	0.0128	0.0131
1437	0.0132	0.0134
1438	0.0129	0.0131
1439	0.0126	0.0125
1440	0.0126	0.0129
1441	0.0127	0.0128
1442	0.0127	0.0128
1443	0.0126	0.0125
1444	0.0127	0.0133
1445	0.0130	0.0131
1446	0.0127	0.0124
1447	0.0127	0.0126
1448	0.0127	0.0129
1449	0.0127	0.0125
1450	0.0127	0.0131
1451	0.0129	0.0130
1452	0.0130	0.0130
1453	0.0137	0.0139
1454	0.0137	0.0131
1455	0.0130	0.0128
1456	0.0126	0.0129
1457	0.0127	0.0126
1458	0.0127	0.0128
1459	0.0126	0.0125
1460	0.0131	0.0131
1461	0.0129	0.0138
1462	0.0129	0.0129
1463	0.0126	0.0126
1464	0.0126	0.0126
1465	0.0129	0.0130
1466	0.0126	0.0127
1467	0.0126	0.0126
1468	0.0127	0.0131
1469	0.0127	0.0126
1470	0.0124	0.0124
1471	0.0124	0.0127
1472	0.0128	0.0131
1473	0.0126	0.0127
1474	0.0129	0.0137
1475	0.0132	0.0129
1476	0.0130	0.0127
1477	0.0127	0.0128
1478	0.0126	0.0125
1479	0.0127	0.0125
1480	0.0124	0.0125
1481	0.0126	0.0128
1482	0.0130	0.0129
1483	0.0126	0.0124
1484	0.0128	0.0130
1485	0.0127	0.0127
1486	0.0125	0.0126
1487	0.0127	0.0127
1488	0.0129	0.0133
1489	0.0128	0.0128
1490	0.0129	0.0133
1491	0.0126	0.0124
1492	0.0125	0.0126
1493	0.0125	0.0126
1494	0.0125	0.0127
1495	0.0126	0.0125
1496	0.0125	0.0127
1497	0.0124	0.0126
1498	0.0126	0.0124
1499	0.0126	0.0127
1500	0.0129	0.0126
1501	0.0125	0.0125
1502	0.0128	0.0130
1503	0.0128	0.0126
1504	0.0129	0.0133
1505	0.0131	0.0128
1506	0.0127	0.0129
1507	0.0126	0.0126
1508	0.0125	0.0124
1509	0.0129	0.0130
1510	0.0128	0.0128
1511	0.0127	0.0126
1512	0.0126	0.0130
1513	0.0128	0.0130
1514	0.0128	0.0126
1515	0.0128	0.0129
1516	0.0129	0.0126
1517	0.0128	0.0129
1518	0.0130	0.0127
1519	0.0130	0.0138
1520	0.0133	0.0128
1521	0.0130	0.0127
1522	0.0129	0.0128
1523	0.0126	0.0130
1524	0.0129	0.0129
1525	0.0128	0.0125
1526	0.0126	0.0124
1527	0.0125	0.0124
1528	0.0130	0.0134
1529	0.0130	0.0126
1530	0.0124	0.0123
1531	0.0126	0.0131
1532	0.0128	0.0128
1533	0.0128	0.0131
1534	0.0130	0.0128
1535	0.0130	0.0132
1536	0.0128	0.0129
1537	0.0132	0.0132
1538	0.0128	0.0125
1539	0.0126	0.0128
1540	0.0127	0.0131
1541	0.0129	0.0129
1542	0.0127	0.0128
1543	0.0129	0.0132
1544	0.0131	0.0134
1545	0.0132	0.0128
1546	0.0127	0.0129
1547	0.0128	0.0129
1548	0.0130	0.0130
1549	0.0134	0.0136
1550	0.0135	0.0135
1551	0.0128	0.0128
1552	0.0130	0.0129
1553	0.0127	0.0127
1554	0.0128	0.0131
1555	0.0128	0.0130
1556	0.0127	0.0125
1557	0.0125	0.0125
1558	0.0126	0.0128
1559	0.0127	0.0124
1560	0.0126	0.0126
1561	0.0124	0.0123
1562	0.0124	0.0124
1563	0.0125	0.0123
1564	0.0127	0.0132
1565	0.0129	0.0130
1566	0.0129	0.0131
1567	0.0130	0.0124
1568	0.0126	0.0125
1569	0.0126	0.0128
1570	0.0127	0.0128
1571	0.0127	0.0129
1572	0.0130	0.0127
1573	0.0127	0.0132
1574	0.0128	0.0126
1575	0.0126	0.0131
1576	0.0127	0.0132
1577	0.0127	0.0131
1578	0.0128	0.0127
1579	0.0139	0.0142
1580	0.0141	0.0140
1581	0.0139	0.0136
1582	0.0132	0.0128
1583	0.0125	0.0126
1584	0.0126	0.0124
1585	0.0129	0.0130
1586	0.0129	0.0133
1587	0.0134	0.0133
1588	0.0131	0.0125
1589	0.0128	0.0128
1590	0.0128	0.0130
1591	0.0130	0.0131
1592	0.0134	0.0136
1593	0.0133	0.0130
1594	0.0131	0.0133
1595	0.0128	0.0126
1596	0.0127	0.0125
1597	0.0126	0.0125
1598	0.0125	0.0125
1599	0.0126	0.0128
1600	0.0127	0.0124
1601	0.0125	0.0124
1602	0.0127	0.0127
1603	0.0128	0.0126
1604	0.0126	0.0129
1605	0.0128	0.0124
1606	0.0126	0.0127
1607	0.0125	0.0125
1608	0.0127	0.0124
1609	0.0128	0.0124
1610	0.0126	0.0127
1611	0.0128	0.0128
1612	0.0128	0.0130
1613	0.0131	0.0128
1614	0.0127	0.0126
1615	0.0125	0.0124
1616	0.0128	0.0132
1617	0.0129	0.0129
1618	0.0126	0.0128
1619	0.0127	0.0127
1620	0.0124	0.0127
1621	0.0127	0.0129
1622	0.0127	0.0126
1623	0.0127	0.0137
1624	0.0133	0.0125
1625	0.0125	0.0126
1626	0.0127	0.0137
1627	0.0132	0.0135
1628	0.0132	0.0133
1629	0.0129	0.0128
1630	0.0125	0.0124
1631	0.0125	0.0127
1632	0.0124	0.0128
1633	0.0127	0.0127
1634	0.0127	0.0126
1635	0.0129	0.0133
1636	0.0134	0.0133
1637	0.0132	0.0136
1638	0.0128	0.0125
1639	0.0126	0.0126
1640	0.0127	0.0129
1641	0.0128	0.0127
1642	0.0127	0.0130
1643	0.0126	0.0123
1644	0.0124	0.0126
1645	0.0128	0.0128
1646	0.0124	0.0123
1647	0.0127	0.0133
1648	0.0131	0.0129
1649	0.0127	0.0130
1650	0.0125	0.0123
1651	0.0124	0.0123
1652	0.0123	0.0129
1653	0.0126	0.0129
1654	0.0131	0.0132
1655	0.0127	0.0133
1656	0.0132	0.0128
1657	0.0127	0.0127
1658	0.0124	0.0124
1659	0.0124	0.0127
1660	0.0125	0.0125
1661	0.0125	0.0123
1662	0.0127	0.0124
1663	0.0124	0.0125
1664	0.0124	0.0126
1665	0.0125	0.0126
1666	0.0124	0.0127
1667	0.0126	0.0125
1668	0.0126	0.0124
1669	0.0128	0.0133
1670	0.0131	0.0129
1671	0.0127	0.0128
1672	0.0128	0.0131
1673	0.0129	0.0127
1674	0.0126	0.0125
1675	0.0126	0.0132
1676	0.0126	0.0124
1677	0.0124	0.0124
1678	0.0124	0.0126
1679	0.0127	0.0129
1680	0.0125	0.0125
1681	0.0125	0.0138
1682	0.0132	0.0125
1683	0.0126	0.0123
1684	0.0126	0.0131
1685	0.0130	0.0131
1686	0.0127	0.0129
1687	0.0126	0.0126
1688	0.0128	0.0127
1689	0.0128	0.0128
1690	0.0127	0.0126
1691	0.0125	0.0126
1692	0.0125	0.0126
1693	0.0125	0.0126
1694	0.0128	0.0128
1695	0.0130	0.0129
1696	0.0130	0.0131
1697	0.0125	0.0124
1698	0.0124	0.0124
1699	0.0124	0.0123
1700	0.0124	0.0124
1701	0.0125	0.0125
1702	0.0124	0.0131
1703	0.0127	0.0124
1704	0.0128	0.0129
1705	0.0129	0.0133
1706	0.0130	0.0128
1707	0.0127	0.0125
1708	0.0126	0.0128
1709	0.0132	0.0128
1710	0.0128	0.0130
1711	0.0129	0.0128
1712	0.0127	0.0126
1713	0.0129	0.0130
1714	0.0128	0.0131
1715	0.0128	0.0127
1716	0.0126	0.0125
1717	0.0125	0.0124
1718	0.0126	0.0126
1719	0.0125	0.0123
1720	0.0124	0.0126
1721	0.0124	0.0123
1722	0.0127	0.0129
1723	0.0128	0.0131
1724	0.0126	0.0125
1725	0.0125	0.0123
1726	0.0123	0.0123
1727	0.0123	0.0124
1728	0.0129	0.0130
1729	0.0126	0.0124
1730	0.0126	0.0126
1731	0.0125	0.0127
1732	0.0126	0.0128
1733	0.0125	0.0125
1734	0.0126	0.0126
1735	0.0126	0.0130
1736	0.0130	0.0128
1737	0.0125	0.0123
1738	0.0125	0.0125
1739	0.0124	0.0125
1740	0.0123	0.0124
1741	0.0125	0.0128
1742	0.0129	0.0130
1743	0.0128	0.0129
1744	0.0127	0.0129
1745	0.0131	0.0130
1746	0.0128	0.0127
1747	0.0126	0.0125
1748	0.0128	0.0126
1749	0.0128	0.0127
1750	0.0125	0.0124
1751	0.0125	0.0128
1752	0.0129	0.0130
1753	0.0127	0.0127
1754	0.0126	0.0126
1755	0.0126	0.0127
1756	0.0126	0.0133
1757	0.0131	0.0130
1758	0.0133	0.0131
1759	0.0127	0.0127
1760	0.0124	0.0124
1761	0.0124	0.0128
1762	0.0131	0.0127
1763	0.0125	0.0127
1764	0.0127	0.0128
1765	0.0128	0.0126
1766	0.0124	0.0124
1767	0.0124	0.0125
1768	0.0124	0.0124
1769	0.0124	0.0126
1770	0.0123	0.0124
1771	0.0123	0.0122
1772	0.0126	0.0134
1773	0.0132	0.0132
1774	0.0126	0.0124
1775	0.0126	0.0125
1776	0.0125	0.0124
1777	0.0126	0.0128
1778	0.0126	0.0126
1779	0.0129	0.0139
1780	0.0139	0.0140
1781	0.0137	0.0136
1782	0.0137	0.0138
1783	0.0136	0.0134
1784	0.0135	0.0133
1785	0.0131	0.0129
1786	0.0128	0.0126
1787	0.0129	0.0130
1788	0.0127	0.0127
1789	0.0126	0.0127
1790	0.0126	0.0125
1791	0.0126	0.0131
1792	0.0135	0.0137
1793	0.0128	0.0132
1794	0.0133	0.0130
1795	0.0130	0.0134
1796	0.0131	0.0127
1797	0.0126	0.0129
1798	0.0126	0.0127
1799	0.0126	0.0124
1800	0.0125	0.0129
1801	0.0126	0.0125
1802	0.0125	0.0124
1803	0.0125	0.0127
1804	0.0125	0.0125
1805	0.0128	0.0130
1806	0.0127	0.0127
1807	0.0124	0.0128
1808	0.0130	0.0129
1809	0.0126	0.0129
1810	0.0125	0.0125
1811	0.0128	0.0129
1812	0.0124	0.0126
1813	0.0126	0.0127
1814	0.0126	0.0126
1815	0.0125	0.0125
1816	0.0123	0.0127
1817	0.0125	0.0127
1818	0.0129	0.0126
1819	0.0127	0.0141
1820	0.0134	0.0132
1821	0.0131	0.0129
1822	0.0129	0.0129
1823	0.0127	0.0127
1824	0.0127	0.0134
1825	0.0131	0.0131
1826	0.0130	0.0131
1827	0.0130	0.0130
1828	0.0131	0.0130
1829	0.0128	0.0132
1830	0.0133	0.0134
1831	0.0132	0.0127
1832	0.0128	0.0129
1833	0.0128	0.0124
1834	0.0124	0.0127
1835	0.0126	0.0130
1836	0.0131	0.0130
1837	0.0127	0.0134
1838	0.0127	0.0129
1839	0.0128	0.0128
1840	0.0126	0.0131
1841	0.0128	0.0127
1842	0.0126	0.0130
1843	0.0127	0.0129
1844	0.0128	0.0129
1845	0.0132	0.0131
1846	0.0130	0.0136
1847	0.0133	0.0136
1848	0.0131	0.0130
1849	0.0130	0.0129
1850	0.0127	0.0131
1851	0.0125	0.0123
1852	0.0127	0.0127
1853	0.0125	0.0126
1854	0.0124	0.0124
1855	0.0125	0.0127
1856	0.0124	0.0123
1857	0.0123	0.0126
1858	0.0126	0.0128
1859	0.0126	0.0128
1860	0.0126	0.0124
1861	0.0125	0.0129
1862	0.0126	0.0125
1863	0.0127	0.0128
1864	0.0126	0.0125
1865	0.0124	0.0128
1866	0.0125	0.0125
1867	0.0125	0.0124
1868	0.0124	0.0125
1869	0.0123	0.0126
1870	0.0125	0.0125
1871	0.0129	0.0129
1872	0.0128	0.0130
1873	0.0129	0.0130
1874	0.0127	0.0128
1875	0.0126	0.0129
1876	0.0126	0.0125
1877	0.0124	0.0125
1878	0.0124	0.0124
1879	0.0124	0.0125
1880	0.0124	0.0129
1881	0.0128	0.0128
1882	0.0129	0.0130
1883	0.0128	0.0128
1884	0.0128	0.0124
1885	0.0124	0.0125
1886	0.0123	0.0122
1887	0.0126	0.0131
1888	0.0128	0.0129
1889	0.0126	0.0128
1890	0.0131	0.0130
1891	0.0130	0.0133
1892	0.0134	0.0132
1893	0.0133	0.0130
1894	0.0129	0.0125
1895	0.0124	0.0124
1896	0.0124	0.0125
1897	0.0124	0.0124
1898	0.0124	0.0123
1899	0.0122	0.0123
1900	0.0124	0.0125
1901	0.0125	0.0131
1902	0.0128	0.0128
1903	0.0127	0.0124
1904	0.0125	0.0125
1905	0.0124	0.0123
1906	0.0123	0.0122
1907	0.0125	0.0127
1908	0.0126	0.0126
1909	0.0124	0.0125
1910	0.0123	0.0123
1911	0.0123	0.0123
1912	0.0128	0.0131
1913	0.0132	0.0133
1914	0.0129	0.0123
1915	0.0124	0.0124
1916	0.0126	0.0127
1917	0.0124	0.0125
1918	0.0125	0.0127
1919	0.0125	0.0125
1920	0.0124	0.0125
1921	0.0123	0.0122
1922	0.0122	0.0123
1923	0.0124	0.0122
1924	0.0126	0.0125
1925	0.0129	0.0132
1926	0.0127	0.0123
1927	0.0123	0.0123
1928	0.0123	0.0123
1929	0.0124	0.0125
1930	0.0127	0.0125
1931	0.0124	0.0125
1932	0.0126	0.0126
1933	0.0127	0.0124
1934	0.0125	0.0124
1935	0.0125	0.0126
1936	0.0130	0.0131
1937	0.0132	0.0131
1938	0.0130	0.0131
1939	0.0132	0.0132
1940	0.0128	0.0127
1941	0.0125	0.0127
1942	0.0124	0.0122
1943	0.0123	0.0126
1944	0.0123	0.0123
1945	0.0123	0.0128
1946	0.0129	0.0133
1947	0.0131	0.0131
1948	0.0132	0.0131
1949	0.0128	0.0129
1950	0.0132	0.0131
1951	0.0133	0.0137
1952	0.0130	0.0128
1953	0.0130	0.0133
1954	0.0130	0.0126
1955	0.0125	0.0126
1956	0.0125	0.0126
1957	0.0128	0.0127
1958	0.0125	0.0129
1959	0.0129	0.0132
1960	0.0125	0.0124
1961	0.0123	0.0123
1962	0.0123	0.0123
1963	0.0125	0.0124
1964	0.0123	0.0123
1965	0.0124	0.0125
1966	0.0125	0.0129
1967	0.0133	0.0135
1968	0.0129	0.0127
1969	0.0129	0.0133
1970	0.0130	0.0128
1971	0.0126	0.0126
1972	0.0124	0.0124
1973	0.0126	0.0129
1974	0.0127	0.0127
1975	0.0126	0.0127
1976	0.0124	0.0123
1977	0.0124	0.0130
1978	0.0125	0.0125
1979	0.0125	0.0124
1980	0.0125	0.0127
1981	0.0126	0.0125
1982	0.0125	0.0126
1983	0.0124	0.0125
1984	0.0126	0.0127
1985	0.0127	0.0126
1986	0.0126	0.0128
1987	0.0124	0.0123
1988	0.0123	0.0127
1989	0.0127	0.0125
1990	0.0125	0.0128
1991	0.0125	0.0125
1992	0.0124	0.0125
1993	0.0125	0.0126
1994	0.0123	0.0127
1995	0.0127	0.0129
1996	0.0126	0.0125
1997	0.0127	0.0128
1998	0.0127	0.0130
1999	0.0128	0.0125
2000	0.0123	0.0123
2001	0.0124	0.0123
2002	0.0122	0.0123
2003	0.0125	0.0126
2004	0.0127	0.0127
2005	0.0129	0.0129
2006	0.0126	0.0125
2007	0.0124	0.0122
2008	0.0124	0.0127
2009	0.0124	0.0124
2010	0.0123	0.0139
2011	0.0131	0.0127
2012	0.0125	0.0123
2013	0.0123	0.0125
2014	0.0123	0.0124
2015	0.0126	0.0130
2016	0.0136	0.0141
2017	0.0140	0.0140
2018	0.0137	0.0133
2019	0.0132	0.0134
2020	0.0131	0.0133
2021	0.0130	0.0130
2022	0.0129	0.0125
2023	0.0124	0.0126
2024	0.0124	0.0124
2025	0.0124	0.0125
2026	0.0123	0.0122
2027	0.0122	0.0125
2028	0.0126	0.0125
2029	0.0128	0.0135
2030	0.0134	0.0130
2031	0.0129	0.0129
2032	0.0129	0.0128
2033	0.0128	0.0128
2034	0.0128	0.0125
2035	0.0125	0.0130
2036	0.0131	0.0136
2037	0.0136	0.0135
2038	0.0135	0.0134
2039	0.0132	0.0129
2040	0.0127	0.0126
2041	0.0127	0.0129
2042	0.0129	0.0131
2043	0.0130	0.0130
2044	0.0128	0.0126
2045	0.0125	0.0128
2046	0.0127	0.0126
2047	0.0125	0.0126
2048	0.0126	0.0125
2049	0.0124	0.0124
2050	0.0126	0.0127
2051	0.0127	0.0126
2052	0.0126	0.0123
2053	0.0125	0.0126
2054	0.0125	0.0125
2055	0.0124	0.0128
2056	0.0128	0.0130
2057	0.0123	0.0123
2058	0.0124	0.0124
2059	0.0124	0.0124
2060	0.0123	0.0124
2061	0.0126	0.0129
2062	0.0129	0.0128
2063	0.0128	0.0131
2064	0.0131	0.0133
2065	0.0127	0.0128
2066	0.0124	0.0125
2067	0.0125	0.0124
2068	0.0128	0.0133
2069	0.0133	0.0129
2070	0.0125	0.0127
2071	0.0127	0.0128
2072	0.0127	0.0129
2073	0.0125	0.0125
2074	0.0128	0.0127
2075	0.0129	0.0130
2076	0.0124	0.0124
2077	0.0123	0.0125
2078	0.0124	0.0125
2079	0.0127	0.0127
2080	0.0125	0.0125
2081	0.0125	0.0124
2082	0.0125	0.0126
2083	0.0126	0.0126
2084	0.0128	0.0132
2085	0.0129	0.0133
2086	0.0130	0.0126
2087	0.0124	0.0122
2088	0.0123	0.0123
2089	0.0125	0.0124
2090	0.0127	0.0128
2091	0.0126	0.0124
2092	0.0123	0.0124
2093	0.0124	0.0125
2094	0.0124	0.0126
2095	0.0123	0.0123
2096	0.0123	0.0125
2097	0.0124	0.0125
2098	0.0124	0.0123
2099	0.0126	0.0125
2100	0.0130	0.0129
2101	0.0126	0.0125
2102	0.0125	0.0123
2103	0.0124	0.0123
2104	0.0123	0.0125
2105	0.0123	0.0124
2106	0.0124	0.0126
2107	0.0125	0.0126
2108	0.0126	0.0126
2109	0.0125	0.0123
2110	0.0123	0.0123
2111	0.0125	0.0131
2112	0.0130	0.0130
2113	0.0132	0.0127
2114	0.0127	0.0134
2115	0.0130	0.0127
2116	0.0129	0.0128
2117	0.0128	0.0128
2118	0.0125	0.0125
2119	0.0125	0.0127
2120	0.0126	0.0128
2121	0.0128	0.0127
2122	0.0125	0.0126
2123	0.0134	0.0137
2124	0.0135	0.0132
2125	0.0131	0.0133
2126	0.0130	0.0131
2127	0.0132	0.0125
2128	0.0126	0.0126
2129	0.0133	0.0139
2130	0.0131	0.0129
2131	0.0128	0.0127
2132	0.0126	0.0126
2133	0.0125	0.0125
2134	0.0123	0.0122
2135	0.0123	0.0122
2136	0.0125	0.0125
2137	0.0125	0.0122
2138	0.0124	0.0123
2139	0.0124	0.0130
2140	0.0128	0.0125
2141	0.0124	0.0122
2142	0.0123	0.0122
2143	0.0124	0.0129
2144	0.0129	0.0126
2145	0.0128	0.0131
2146	0.0134	0.0135
2147	0.0133	0.0130
2148	0.0126	0.0125
2149	0.0125	0.0127
2150	0.0124	0.0124
2151	0.0126	0.0127
2152	0.0125	0.0124
2153	0.0124	0.0132
2154	0.0129	0.0133
2155	0.0128	0.0128
2156	0.0126	0.0126
2157	0.0127	0.0130
2158	0.0128	0.0129
2159	0.0127	0.0127
2160	0.0126	0.0124
2161	0.0124	0.0123
2162	0.0123	0.0125
2163	0.0128	0.0130
2164	0.0128	0.0127
2165	0.0124	0.0126
2166	0.0127	0.0126
2167	0.0127	0.0132
2168	0.0134	0.0132
2169	0.0134	0.0132
2170	0.0132	0.0128
2171	0.0127	0.0125
2172	0.0129	0.0131
2173	0.0132	0.0135
2174	0.0133	0.0133
2175	0.0132	0.0130
2176	0.0128	0.0127
2177	0.0126	0.0124
2178	0.0123	0.0123
2179	0.0126	0.0129
2180	0.0131	0.0130
2181	0.0129	0.0129
2182	0.0127	0.0125
2183	0.0125	0.0127
2184	0.0123	0.0124
2185	0.0123	0.0124
2186	0.0123	0.0125
2187	0.0124	0.0124
2188	0.0122	0.0122
2189	0.0123	0.0125
2190	0.0126	0.0127
2191	0.0127	0.0127
2192	0.0126	0.0128
2193	0.0124	0.0125
2194	0.0130	0.0129
2195	0.0124	0.0124
2196	0.0123	0.0126
2197	0.0124	0.0125
2198	0.0123	0.0123
2199	0.0122	0.0124
2200	0.0124	0.0126
2201	0.0124	0.0124
2202	0.0123	0.0124
2203	0.0123	0.0125
2204	0.0124	0.0124
2205	0.0123	0.0125
2206	0.0123	0.0124
2207	0.0128	0.0126
2208	0.0125	0.0128
2209	0.0130	0.0134
2210	0.0139	0.0140
2211	0.0137	0.0135
2212	0.0133	0.0132
2213	0.0130	0.0126
2214	0.0125	0.0124
2215	0.0128	0.0133
2216	0.0129	0.0128
2217	0.0123	0.0124
2218	0.0123	0.0125
2219	0.0123	0.0125
2220	0.0122	0.0123
2221	0.0123	0.0122
2222	0.0127	0.0129
2223	0.0133	0.0133
2224	0.0134	0.0135
2225	0.0133	0.0134
2226	0.0131	0.0129
2227	0.0126	0.0127
2228	0.0124	0.0126
2229	0.0124	0.0125
2230	0.0123	0.0126
2231	0.0127	0.0127
2232	0.0128	0.0131
2233	0.0131	0.0136
2234	0.0130	0.0124
2235	0.0124	0.0123
2236	0.0123	0.0125
2237	0.0126	0.0125
2238	0.0127	0.0123
2239	0.0123	0.0125
2240	0.0125	0.0126
2241	0.0123	0.0124
2242	0.0124	0.0123
2243	0.0122	0.0122
2244	0.0123	0.0127
2245	0.0128	0.0131
2246	0.0128	0.0127
2247	0.0126	0.0124
2248	0.0122	0.0124
2249	0.0124	0.0127
2250	0.0124	0.0124
2251	0.0123	0.0124
2252	0.0123	0.0123
2253	0.0122	0.0124
2254	0.0122	0.0122
2255	0.0123	0.0127
2256	0.0127	0.0124
2257	0.0125	0.0128
2258	0.0126	0.0133
2259	0.0129	0.0126
2260	0.0125	0.0130
2261	0.0127	0.0125
2262	0.0124	0.0126
2263	0.0122	0.0124
2264	0.0124	0.0122
2265	0.0123	0.0126
2266	0.0123	0.0122
2267	0.0122	0.0124
2268	0.0124	0.0123
2269	0.0124	0.0122
2270	0.0125	0.0127
2271	0.0125	0.0123
2272	0.0123	0.0125
2273	0.0128	0.0133
2274	0.0130	0.0127
2275	0.0126	0.0125
2276	0.0125	0.0123
2277	0.0124	0.0126
2278	0.0123	0.0124
2279	0.0123	0.0124
2280	0.0124	0.0123
2281	0.0123	0.0126
2282	0.0125	0.0127
2283	0.0124	0.0124
2284	0.0124	0.0126
2285	0.0127	0.0137
2286	0.0127	0.0126
2287	0.0124	0.0121
2288	0.0122	0.0125
2289	0.0124	0.0128
2290	0.0124	0.0122
2291	0.0123	0.0130
2292	0.0125	0.0127
2293	0.0126	0.0125
2294	0.0124	0.0125
2295	0.0121	0.0122
2296	0.0124	0.0127
2297	0.0126	0.0125
2298	0.0125	0.0126
2299	0.0127	0.0128
2300	0.0125	0.0124
2301	0.0125	0.0126
2302	0.0128	0.0132
2303	0.0130	0.0129
2304	0.0129	0.0126
2305	0.0126	0.0125
2306	0.0126	0.0124
2307	0.0128	0.0128
2308	0.0129	0.0132
2309	0.0129	0.0124
2310	0.0122	0.0123
2311	0.0122	0.0124
2312	0.0123	0.0124
2313	0.0124	0.0124
2314	0.0126	0.0126
2315	0.0129	0.0127
2316	0.0124	0.0123
2317	0.0122	0.0122
2318	0.0121	0.0122
2319	0.0127	0.0129
2320	0.0126	0.0127
2321	0.0124	0.0127
2322	0.0125	0.0127
2323	0.0123	0.0124
2324	0.0122	0.0122
2325	0.0122	0.0122
2326	0.0123	0.0126
2327	0.0124	0.0124
2328	0.0124	0.0127
2329	0.0126	0.0127
2330	0.0125	0.0124
2331	0.0123	0.0125
2332	0.0123	0.0122
2333	0.0123	0.0123
2334	0.0122	0.0122
2335	0.0122	0.0122
2336	0.0126	0.0126
2337	0.0131	0.0134
2338	0.0131	0.0127
2339	0.0125	0.0129
2340	0.0125	0.0126
2341	0.0129	0.0136
2342	0.0137	0.0135
2343	0.0135	0.0138
2344	0.0134	0.0135
2345	0.0132	0.0129
2346	0.0126	0.0126
2347	0.0129	0.0133
2348	0.0131	0.0131
2349	0.0132	0.0131
2350	0.0128	0.0128
2351	0.0127	0.0125
2352	0.0125	0.0129
2353	0.0131	0.0131
2354	0.0131	0.0133
2355	0.0131	0.0133
2356	0.0131	0.0129
2357	0.0128	0.0127
2358	0.0125	0.0126
2359	0.0125	0.0126
2360	0.0126	0.0129
2361	0.0129	0.0128
2362	0.0126	0.0123
2363	0.0123	0.0130
2364	0.0129	0.0131
2365	0.0130	0.0133
2366	0.0132	0.0135
2367	0.0133	0.0136
2368	0.0131	0.0130
2369	0.0127	0.0125
2370	0.0126	0.0124
2371	0.0124	0.0123
2372	0.0125	0.0125
2373	0.0126	0.0127
2374	0.0125	0.0127
2375	0.0126	0.0126
2376	0.0126	0.0127
2377	0.0127	0.0129
2378	0.0128	0.0126
2379	0.0131	0.0139
2380	0.0136	0.0131
2381	0.0128	0.0127
2382	0.0125	0.0124
2383	0.0123	0.0123
2384	0.0123	0.0122
2385	0.0124	0.0127
2386	0.0124	0.0123
2387	0.0124	0.0128
2388	0.0124	0.0122
2389	0.0122	0.0123
2390	0.0122	0.0132
2391	0.0126	0.0125
2392	0.0126	0.0123
2393	0.0123	0.0122
2394	0.0123	0.0124
2395	0.0122	0.0123
2396	0.0123	0.0125
2397	0.0124	0.0123
2398	0.0122	0.0124
2399	0.0122	0.0124
2400	0.0123	0.0125
2401	0.0123	0.0124
2402	0.0125	0.0127
2403	0.0124	0.0128
2404	0.0130	0.0134
2405	0.0130	0.0129
2406	0.0127	0.0128
2407	0.0126	0.0126
2408	0.0125	0.0123
2409	0.0121	0.0122
2410	0.0123	0.0123
2411	0.0122	0.0123
2412	0.0123	0.0125
2413	0.0123	0.0123
2414	0.0123	0.0122
2415	0.0122	0.0126
2416	0.0123	0.0123
2417	0.0123	0.0125
2418	0.0125	0.0125
2419	0.0127	0.0127
2420	0.0127	0.0124
2421	0.0126	0.0128
2422	0.0126	0.0125
2423	0.0129	0.0128
2424	0.0127	0.0128
2425	0.0128	0.0128
2426	0.0127	0.0127
2427	0.0125	0.0125
2428	0.0129	0.0130
2429	0.0128	0.0129
2430	0.0129	0.0129
2431	0.0126	0.0126
2432	0.0125	0.0127
2433	0.0125	0.0127
2434	0.0126	0.0126
2435	0.0125	0.0124
2436	0.0126	0.0125
2437	0.0124	0.0124
2438	0.0124	0.0124
2439	0.0124	0.0124
2440	0.0124	0.0124
2441	0.0124	0.0126
2442	0.0126	0.0128
2443	0.0125	0.0125
2444	0.0124	0.0123
2445	0.0124	0.0123
2446	0.0123	0.0124
2447	0.0124	0.0126
2448	0.0124	0.0123
2449	0.0123	0.0123
2450	0.0124	0.0127
2451	0.0128	0.0127
2452	0.0125	0.0124
2453	0.0123	0.0123
2454	0.0123	0.0122
2455	0.0123	0.0122
2456	0.0123	0.0127
2457	0.0126	0.0126
2458	0.0124	0.0126
2459	0.0129	0.0130
2460	0.0128	0.0127
2461	0.0126	0.0127
2462	0.0128	0.0132
2463	0.0130	0.0129
2464	0.0127	0.0125
2465	0.0126	0.0128
2466	0.0129	0.0129
2467	0.0127	0.0127
2468	0.0125	0.0125
2469	0.0124	0.0125
2470	0.0124	0.0122
2471	0.0125	0.0127
2472	0.0127	0.0127
2473	0.0131	0.0134
2474	0.0132	0.0131
2475	0.0130	0.0128
2476	0.0127	0.0125
2477	0.0126	0.0124
2478	0.0125	0.0126
2479	0.0126	0.0126
2480	0.0127	0.0133
2481	0.0132	0.0131
2482	0.0128	0.0123
2483	0.0124	0.0126
2484	0.0125	0.0126
2485	0.0123	0.0124
2486	0.0123	0.0124
2487	0.0122	0.0122
2488	0.0125	0.0127
2489	0.0126	0.0126
2490	0.0124	0.0122
2491	0.0122	0.0124
2492	0.0124	0.0123
2493	0.0122	0.0122
2494	0.0123	0.0132
2495	0.0125	0.0123
2496	0.0123	0.0125
2497	0.0126	0.0129
2498	0.0126	0.0127
2499	0.0125	0.0126
2500	0.0125	0.0125
2501	0.0125	0.0126
2502	0.0124	0.0126
2503	0.0124	0.0122
2504	0.0123	0.0123
2505	0.0124	0.0123
2506	0.0123	0.0121
2507	0.0122	0.0124
2508	0.0122	0.0123
2509	0.0123	0.0125
2510	0.0124	0.0124
2511	0.0123	0.0125
2512	0.0123	0.0125
2513	0.0125	0.0128
2514	0.0124	0.0126
2515	0.0123	0.0126
2516	0.0123	0.0122
2517	0.0121	0.0124
2518	0.0123	0.0124
2519	0.0127	0.0126
2520	0.0124	0.0123
2521	0.0123	0.0125
2522	0.0123	0.0125
2523	0.0123	0.0126
2524	0.0124	0.0128
2525	0.0128	0.0125
2526	0.0124	0.0125
2527	0.0124	0.0126
2528	0.0125	0.0124
2529	0.0125	0.0125
2530	0.0125	0.0122
2531	0.0126	0.0128
2532	0.0128	0.0128
2533	0.0127	0.0124
2534	0.0124	0.0127
2535	0.0126	0.0124
2536	0.0123	0.0122
2537	0.0123	0.0123
2538	0.0126	0.0126
2539	0.0125	0.0124
2540	0.0130	0.0129
2541	0.0125	0.0125
2542	0.0124	0.0124
2543	0.0125	0.0123
2544	0.0123	0.0124
2545	0.0126	0.0129
2546	0.0129	0.0126
2547	0.0124	0.0123
2548	0.0125	0.0125
2549	0.0125	0.0127
2550	0.0129	0.0135
2551	0.0136	0.0134
2552	0.0129	0.0130
2553	0.0125	0.0124
2554	0.0125	0.0128
2555	0.0126	0.0127
2556	0.0125	0.0126
2557	0.0123	0.0124
2558	0.0125	0.0127
2559	0.0124	0.0123
2560	0.0122	0.0125
2561	0.0125	0.0124
2562	0.0123	0.0127
2563	0.0125	0.0125
2564	0.0126	0.0126
2565	0.0127	0.0127
2566	0.0127	0.0129
2567	0.0127	0.0128
2568	0.0125	0.0123
2569	0.0123	0.0124
2570	0.0123	0.0123
2571	0.0121	0.0122
2572	0.0122	0.0126
2573	0.0125	0.0126
2574	0.0123	0.0123
2575	0.0124	0.0125
2576	0.0126	0.0127
2577	0.0127	0.0128
2578	0.0128	0.0126
2579	0.0124	0.0121
2580	0.0124	0.0127
2581	0.0125	0.0124
2582	0.0124	0.0126
2583	0.0124	0.0126
2584	0.0123	0.0122
2585	0.0121	0.0123
2586	0.0123	0.0123
2587	0.0124	0.0126
2588	0.0128	0.0127
2589	0.0124	0.0124
2590	0.0125	0.0127
2591	0.0128	0.0131
2592	0.0131	0.0129
2593	0.0126	0.0125
2594	0.0126	0.0124
2595	0.0126	0.0125
2596	0.0125	0.0124
2597	0.0123	0.0122
2598	0.0122	0.0122
2599	0.0124	0.0122
2600	0.0125	0.0124
2601	0.0123	0.0125
2602	0.0126	0.0124
2603	0.0125	0.0127
2604	0.0123	0.0125
2605	0.0122	0.0121
2606	0.0121	0.0122
2607	0.0122	0.0123
2608	0.0124	0.0123
2609	0.0123	0.0124
2610	0.0125	0.0130
2611	0.0125	0.0125
2612	0.0127	0.0131
2613	0.0130	0.0128
2614	0.0128	0.0129
2615	0.0127	0.0127
2616	0.0127	0.0126
2617	0.0128	0.0126
2618	0.0128	0.0125
2619	0.0124	0.0129
2620	0.0133	0.0128
2621	0.0127	0.0126
2622	0.0124	0.0122
2623	0.0123	0.0123
2624	0.0125	0.0124
2625	0.0125	0.0122
2626	0.0123	0.0122
2627	0.0124	0.0123
2628	0.0123	0.0122
2629	0.0126	0.0129
2630	0.0130	0.0127
2631	0.0126	0.0125
2632	0.0124	0.0125
2633	0.0127	0.0127
2634	0.0130	0.0130
2635	0.0130	0.0128
2636	0.0124	0.0123
2637	0.0122	0.0122
2638	0.0122	0.0124
2639	0.0124	0.0128
2640	0.0125	0.0124
2641	0.0124	0.0127
2642	0.0126	0.0125
2643	0.0125	0.0127
2644	0.0124	0.0126
2645	0.0123	0.0122
2646	0.0122	0.0125
2647	0.0125	0.0124
2648	0.0123	0.0123
2649	0.0123	0.0126
2650	0.0123	0.0124
2651	0.0123	0.0126
2652	0.0124	0.0128
2653	0.0125	0.0126
2654	0.0123	0.0124
2655	0.0125	0.0123
2656	0.0123	0.0125
2657	0.0124	0.0125
2658	0.0123	0.0124
2659	0.0124	0.0123
2660	0.0124	0.0123
2661	0.0123	0.0123
2662	0.0122	0.0126
2663	0.0125	0.0125
2664	0.0122	0.0124
2665	0.0123	0.0124
2666	0.0123	0.0124
2667	0.0126	0.0126
2668	0.0123	0.0122
2669	0.0124	0.0124
2670	0.0124	0.0124
2671	0.0124	0.0125
2672	0.0123	0.0125
2673	0.0124	0.0123
2674	0.0122	0.0123
2675	0.0124	0.0124
2676	0.0125	0.0128
2677	0.0124	0.0124
2678	0.0124	0.0124
2679	0.0123	0.0123
2680	0.0124	0.0126
2681	0.0124	0.0123
2682	0.0123	0.0125
2683	0.0124	0.0125
2684	0.0125	0.0125
2685	0.0125	0.0124
2686	0.0123	0.0125
2687	0.0125	0.0124
2688	0.0126	0.0125
2689	0.0126	0.0124
2690	0.0127	0.0129
2691	0.0125	0.0123
2692	0.0123	0.0124
2693	0.0124	0.0125
2694	0.0125	0.0126
2695	0.0125	0.0124
2696	0.0124	0.0123
2697	0.0124	0.0124
2698	0.0123	0.0124
2699	0.0123	0.0123
2700	0.0124	0.0127
2701	0.0127	0.0127
2702	0.0125	0.0128
2703	0.0125	0.0123
2704	0.0124	0.0125
2705	0.0123	0.0132
2706	0.0128	0.0130
2707	0.0128	0.0127
2708	0.0125	0.0127
2709	0.0125	0.0127
2710	0.0125	0.0125
2711	0.0126	0.0123
2712	0.0126	0.0128
2713	0.0129	0.0126
2714	0.0127	0.0128
2715	0.0132	0.0132
2716	0.0130	0.0130
2717	0.0124	0.0123
2718	0.0123	0.0122
2719	0.0123	0.0121
2720	0.0123	0.0126
2721	0.0123	0.0123
2722	0.0125	0.0128
2723	0.0127	0.0129
2724	0.0124	0.0124
2725	0.0123	0.0125
2726	0.0124	0.0126
2727	0.0126	0.0127
2728	0.0125	0.0126
2729	0.0122	0.0124
2730	0.0122	0.0122
2731	0.0123	0.0124
2732	0.0122	0.0123
2733	0.0121	0.0123
2734	0.0123	0.0123
2735	0.0121	0.0122
2736	0.0123	0.0124
2737	0.0125	0.0127
2738	0.0123	0.0125
2739	0.0122	0.0122
2740	0.0124	0.0128
2741	0.0126	0.0129
2742	0.0130	0.0130
2743	0.0127	0.0127
2744	0.0123	0.0122
2745	0.0123	0.0122
2746	0.0123	0.0126
2747	0.0124	0.0125
2748	0.0124	0.0124
2749	0.0124	0.0126
2750	0.0130	0.0131
2751	0.0132	0.0129
2752	0.0127	0.0123
2753	0.0122	0.0123
2754	0.0123	0.0124
2755	0.0122	0.0124
2756	0.0122	0.0121
2757	0.0125	0.0126
2758	0.0131	0.0135
2759	0.0134	0.0129
2760	0.0126	0.0126
2761	0.0124	0.0125
2762	0.0130	0.0127
2763	0.0127	0.0126
2764	0.0127	0.0129
2765	0.0127	0.0123
2766	0.0123	0.0125
2767	0.0125	0.0126
2768	0.0128	0.0128
2769	0.0127	0.0125
2770	0.0123	0.0123
2771	0.0125	0.0123
2772	0.0124	0.0127
2773	0.0126	0.0128
2774	0.0125	0.0124
2775	0.0124	0.0125
2776	0.0124	0.0124
2777	0.0122	0.0124
2778	0.0123	0.0124
2779	0.0121	0.0123
2780	0.0122	0.0121
2781	0.0121	0.0122
2782	0.0123	0.0125
2783	0.0125	0.0125
2784	0.0124	0.0122
2785	0.0122	0.0122
2786	0.0122	0.0121
2787	0.0122	0.0121
2788	0.0121	0.0126
2789	0.0125	0.0124
2790	0.0125	0.0123
2791	0.0123	0.0121
2792	0.0122	0.0121
2793	0.0121	0.0123
2794	0.0123	0.0122
2795	0.0122	0.0121
2796	0.0121	0.0121
2797	0.0122	0.0122
2798	0.0123	0.0122
2799	0.0123	0.0124
2800	0.0124	0.0123
2801	0.0123	0.0124
2802	0.0122	0.0122
2803	0.0121	0.0121
2804	0.0121	0.0123
2805	0.0122	0.0125
2806	0.0123	0.0123
2807	0.0124	0.0124
2808	0.0123	0.0125
2809	0.0123	0.0123
2810	0.0124	0.0125
2811	0.0127	0.0129
2812	0.0129	0.0131
2813	0.0130	0.0128
2814	0.0130	0.0128
2815	0.0125	0.0123
2816	0.0124	0.0124
2817	0.0124	0.0124
2818	0.0122	0.0122
2819	0.0122	0.0122
2820	0.0122	0.0124
2821	0.0125	0.0126
2822	0.0128	0.0131
2823	0.0127	0.0125
2824	0.0124	0.0126
2825	0.0124	0.0124
2826	0.0122	0.0122
2827	0.0122	0.0125
2828	0.0124	0.0124
2829	0.0121	0.0122
2830	0.0124	0.0124
2831	0.0123	0.0126
2832	0.0125	0.0125
2833	0.0126	0.0124
2834	0.0123	0.0123
2835	0.0125	0.0127
2836	0.0124	0.0123
2837	0.0123	0.0126
2838	0.0124	0.0124
2839	0.0123	0.0122
2840	0.0122	0.0122
2841	0.0123	0.0123
2842	0.0125	0.0127
2843	0.0128	0.0126
2844	0.0127	0.0126
2845	0.0124	0.0123
2846	0.0123	0.0121
2847	0.0122	0.0122
2848	0.0122	0.0126
2849	0.0125	0.0127
2850	0.0128	0.0128
2851	0.0126	0.0125
2852	0.0124	0.0123
2853	0.0124	0.0124
2854	0.0123	0.0125
2855	0.0123	0.0123
2856	0.0123	0.0123
2857	0.0123	0.0123
2858	0.0124	0.0129
2859	0.0128	0.0130
2860	0.0131	0.0131
2861	0.0130	0.0130
2862	0.0125	0.0124
2863	0.0123	0.0122
2864	0.0126	0.0131
2865	0.0129	0.0130
2866	0.0126	0.0126
2867	0.0126	0.0128
2868	0.0126	0.0130
2869	0.0124	0.0124
2870	0.0122	0.0122
2871	0.0122	0.0124
2872	0.0122	0.0124
2873	0.0124	0.0122
2874	0.0124	0.0124
2875	0.0124	0.0127
2876	0.0124	0.0123
2877	0.0123	0.0123
2878	0.0123	0.0124
2879	0.0123	0.0123
2880	0.0124	0.0127
2881	0.0126	0.0130
2882	0.0128	0.0128
2883	0.0125	0.0127
2884	0.0127	0.0125
2885	0.0124	0.0122
2886	0.0124	0.0128
2887	0.0126	0.0127
2888	0.0125	0.0122
2889	0.0122	0.0125
2890	0.0126	0.0129
2891	0.0127	0.0126
2892	0.0123	0.0124
2893	0.0125	0.0127
2894	0.0123	0.0122
2895	0.0122	0.0123
2896	0.0123	0.0124
2897	0.0122	0.0123
2898	0.0123	0.0121
2899	0.0123	0.0123
2900	0.0121	0.0121
2901	0.0122	0.0122
2902	0.0121	0.0121
2903	0.0123	0.0124
2904	0.0123	0.0124
2905	0.0122	0.0122
2906	0.0122	0.0123
2907	0.0121	0.0121
2908	0.0122	0.0122
2909	0.0121	0.0122
2910	0.0124	0.0126
2911	0.0125	0.0127
2912	0.0125	0.0124
2913	0.0124	0.0126
2914	0.0122	0.0124
2915	0.0123	0.0125
2916	0.0126	0.0128
2917	0.0127	0.0127
2918	0.0128	0.0129
2919	0.0132	0.0136
2920	0.0132	0.0130
2921	0.0128	0.0131
2922	0.0128	0.0127
2923	0.0132	0.0130
2924	0.0130	0.0124
2925	0.0126	0.0129
2926	0.0125	0.0125
2927	0.0122	0.0122
2928	0.0121	0.0123
2929	0.0122	0.0123
2930	0.0122	0.0126
2931	0.0124	0.0123
2932	0.0122	0.0122
2933	0.0124	0.0125
2934	0.0122	0.0122
2935	0.0125	0.0126
2936	0.0125	0.0130
2937	0.0127	0.0125
2938	0.0125	0.0124
2939	0.0124	0.0124
2940	0.0123	0.0122
2941	0.0123	0.0123
2942	0.0122	0.0123
2943	0.0122	0.0123
2944	0.0124	0.0125
2945	0.0126	0.0124
2946	0.0124	0.0126
2947	0.0125	0.0127
2948	0.0124	0.0126
2949	0.0124	0.0124
2950	0.0123	0.0126
2951	0.0126	0.0127
2952	0.0126	0.0127
2953	0.0124	0.0123
2954	0.0123	0.0127
2955	0.0128	0.0127
2956	0.0124	0.0127
2957	0.0125	0.0123
2958	0.0122	0.0124
2959	0.0123	0.0127
2960	0.0123	0.0123
2961	0.0123	0.0124
2962	0.0122	0.0126
2963	0.0124	0.0123
2964	0.0122	0.0123
2965	0.0123	0.0124
2966	0.0122	0.0124
2967	0.0123	0.0123
2968	0.0126	0.0125
2969	0.0127	0.0128
2970	0.0127	0.0124
2971	0.0123	0.0123
2972	0.0122	0.0124
2973	0.0124	0.0130
2974	0.0127	0.0128
2975	0.0125	0.0126
2976	0.0124	0.0123
2977	0.0123	0.0125
2978	0.0125	0.0126
2979	0.0125	0.0123
2980	0.0124	0.0123
2981	0.0123	0.0123
2982	0.0122	0.0124
2983	0.0124	0.0124
2984	0.0125	0.0126
2985	0.0125	0.0126
2986	0.0124	0.0124
2987	0.0123	0.0124
2988	0.0124	0.0128
2989	0.0128	0.0130
2990	0.0133	0.0133
2991	0.0129	0.0126
2992	0.0126	0.0124
2993	0.0125	0.0130
2994	0.0129	0.0129
2995	0.0129	0.0131
2996	0.0128	0.0128
2997	0.0127	0.0129
2998	0.0127	0.0128
2999	0.0128	0.0127
3000	0.0125	0.0124
